	date	high	low	open	close	volume	quoteVolume	weightedAverage
0	2016-12-31 23:00:00	966.17368384	966.17368384	966.17368384	966.17368384	0.0	0.0	966.17368384
1	2017-01-01 00:00:00	1008.54999326	957.02	965.00000055	999.36463982	1196868.2615889	1207.33863593	991.32772361
2	2017-01-02 00:00:00	1034.32896003	994.00000044	999.92218873	1019.00000076	1847781.3863449	1818.58703006	1016.0533182
3	2017-01-03 00:00:00	1042.02336482	1010.0	1019.00000076	1037.1	1367241.145063	1337.77121326	1022.02912688
4	2017-01-04 00:00:00	1148.0	1035.9006986	1037.1	1136.0	4139509.1591641	3778.22776354	1095.6219207
5	2017-01-05 00:00:00	1159.103	882.01	1134.10000001	998.8	9624745.136866	9567.93438544	1005.93761925
6	2017-01-06 00:00:00	1024.88	870.0	998.8	896.0	5718737.7427937	6225.01903437	918.66992072
7	2017-01-07 00:00:00	910.8275191	818.45971802	896.0	907.19047915	4446078.05007	5134.10070398	865.98964578
8	2017-01-08 00:00:00	939.65955395	891.1	907.0	916.0	2712345.5780679	2954.8408452	917.93288375
9	2017-01-09 00:00:00	916.41833046	880.0	916.41832969	902.0	1561326.5181909	1743.42476903	895.55141462
10	2017-01-10 00:00:00	915.83230945	898.0	903.00000001	907.1	783912.57744492	862.98518534	908.37315722
11	2017-01-11 00:00:00	927.82810365	751.0	907.92945179	781.81160101	6522541.3315688	7934.39754847	822.05880052
12	2017-01-12 00:00:00	832.87989967	752.0102	781.85160104	803.6952791	3077949.3504498	3910.82414915	787.03343158
13	2017-01-13 00:00:00	830.59290797	776.02899497	805.00000361	826.0	2009714.1107619	2488.40324743	807.63200772
14	2017-01-14 00:00:00	836.04000001	801.97500223	827.0	817.47703098	1110991.2121731	1348.38778314	823.94043172
15	2017-01-15 00:00:00	823.498	805.0	817.47703099	818.7012449	732380.16398741	899.25918519	814.42611434
16	2017-01-16 00:00:00	834.15680536	816.0	818.762	829.00000001	643792.21530256	779.12020498	826.30666126
17	2017-01-17 00:00:00	908.53017772	827.75970935	829.00000001	902.70000066	2679383.2936977	3037.14221337	882.20541069
18	2017-01-18 00:00:00	912.0	850.0	902.27579339	886.20000033	1959863.3497482	2225.51448717	880.63383143
19	2017-01-19 00:00:00	906.999999	883.3	886.20000054	900.23240036	1219112.3879597	1361.92585351	895.13858982
20	2017-01-20 00:00:00	902.42999999	882.5432	900.30000001	895.0	841765.1320593	940.82405676	894.71046792
21	2017-01-21 00:00:00	928.51849391	894.00000001	895.09971139	925.70599998	1397883.9921076	1522.35825273	918.2358946
22	2017-01-22 00:00:00	939.06071045	894.10010012	925.70599998	924.11939955	1567170.0554924	1706.43442891	918.38867579
23	2017-01-23 00:00:00	927.2351	912.22165	923.99	912.22165	1425305.1990417	1550.69061842	919.14220806
24	2017-01-24 00:00:00	923.0	884.281	912.22165	885.00000008	2149635.0546418	2382.92736589	902.098438
25	2017-01-25 00:00:00	899.99	882.08	885.10000044	892.66777263	948855.91472975	1064.25663454	891.56683072
26	2017-01-26 00:00:00	918.0	892.66777263	892.66777263	914.09767069	997564.75311133	1099.56863718	907.23281783
27	2017-01-27 00:00:00	921.65	907.8	916.00000001	917.02745093	781208.90448862	852.67093534	916.19037557
28	2017-01-28 00:00:00	926.0	909.9873	917.43677492	918.58600386	828333.82823408	900.64556252	919.71121904
29	2017-01-29 00:00:00	923.0	911.86040584	918.99000001	914.9998	372564.31351804	406.00077708	917.64433604
30	2017-01-30 00:00:00	920.0	911.16052226	913.0	918.0	327532.95255875	357.18802099	916.97630746
31	2017-01-31 00:00:00	970.0	916.75	919.1191873	967.12176383	1647534.6170477	1740.49804278	946.58803201
32	2017-02-01 00:00:00	986.0	955.4	967.75582245	983.0	1644502.3348428	1700.02729787	967.3387815
33	2017-02-02 00:00:00	1009.999999	968.2776983	983.0	1007.99699708	2242695.7436829	2253.14242214	995.36350727
34	2017-02-03 00:00:00	1023.0	989.0	1007.99699708	1015.04315425	1960600.2894197	1947.59662894	1006.67677294
35	2017-02-04 00:00:00	1040.0	1002.23999999	1015.87273408	1032.95	1587073.4294643	1550.46454947	1023.61155565
36	2017-02-05 00:00:00	1034.0	999.0	1033.0	1010.0	1448222.4411524	1426.32188471	1015.35456805
37	2017-02-06 00:00:00	1025.0	1007.30000001	1008.57261956	1021.20000021	560751.24025699	550.63749243	1018.36734324
38	2017-02-07 00:00:00	1055.29399983	1020.60000001	1022.69999279	1052.00000003	1102651.502685	1056.14827224	1044.03096768
39	2017-02-08 00:00:00	1069.06999999	1015.0	1052.00000003	1050.98999999	2142753.4290729	2055.26844068	1042.56621016
40	2017-02-09 00:00:00	1077.99999998	898.18028762	1050.6	987.00000001	6958597.5427829	7100.03482906	980.07935317
41	2017-02-10 00:00:00	1004.99	901.99999995	988.23458713	995.29110341	2487858.5801233	2557.24419392	972.86703633
42	2017-02-11 00:00:00	1010.0	984.1	994.0	1000.50000023	1135899.4264698	1136.5816038	999.39979907
43	2017-02-12 00:00:00	1005.0	991.57565803	1000.50000023	996.50000001	621557.99590675	621.74448496	999.70005515
44	2017-02-13 00:00:00	1004.20000001	975.85416898	996.50000001	995.11000001	857268.01021427	865.49527485	990.49415418
45	2017-02-14 00:00:00	1019.0	988.91109699	995.11	1012.10000524	1207110.3803025	1198.54234738	1007.14871104
46	2017-02-15 00:00:00	1018.0	1002.32721451	1011.19293063	1014.83589839	680988.27254322	674.17299834	1010.10908805
47	2017-02-16 00:00:00	1045.0	1011.6	1011.6	1039.49925987	964262.69031022	934.66209822	1031.66983249
48	2017-02-17 00:00:00	1063.58	1035.00000001	1039.49925949	1053.67070767	1311452.8862116	1247.8330214	1050.98427731
49	2017-02-18 00:00:00	1070.0	1051.11500341	1055.11944577	1057.7862231	919652.58777619	863.59005814	1064.9179887
50	2017-02-19 00:00:00	1066.19785215	1045.00000001	1059.219	1058.17262239	707934.47204595	670.68798723	1055.53474271
51	2017-02-20 00:00:00	1095.0	1040.00755062	1058.08301527	1094.71027735	1387040.9288178	1302.62813183	1064.80191462
52	2017-02-21 00:00:00	1133.55363963	1083.333	1092.24051989	1127.0	2656343.1489539	2402.6066097	1105.60885757
53	2017-02-22 00:00:00	1138.9786543	1108.55	1126.99999999	1126.0	1182696.1070597	1051.74868712	1124.50447672
54	2017-02-23 00:00:00	1195.0	1120.0	1126.49999999	1188.0	1936980.772604	1672.24795974	1158.30954453
55	2017-02-24 00:00:00	1225.0	1107.51	1186.16100001	1188.11048987	7018124.0659106	5970.28798757	1175.50846467
56	2017-02-25 00:00:00	1191.116	1129.0	1188.11048987	1153.0	2634468.543102	2273.42629508	1158.80974404
57	2017-02-26 00:00:00	1189.0	1134.0	1153.0	1179.0	1216121.1929504	1040.93826679	1168.29329053
58	2017-02-27 00:00:00	1199.0	1171.37648778	1179.0	1192.2	1453567.9543164	1224.77468844	1186.80437147
59	2017-02-28 00:00:00	1208.092	1178.11	1196.48999991	1185.00000201	2167634.1192595	1818.14036259	1192.22594903
60	2017-03-01 00:00:00	1234.48999999	1183.0000001	1188.04216581	1234.0	3283736.1922137	2703.65627659	1214.55386938
61	2017-03-02 00:00:00	1279.50000001	1212.26243937	1231.17972735	1258.43	5983817.1276341	4799.13259462	1246.85388654
62	2017-03-03 00:00:00	1294.97999998	1252.50000002	1258.45	1287.95000001	4588433.685983	3597.79249619	1275.34694978
63	2017-03-04 00:00:00	1291.53675867	1235.0	1287.00000002	1267.99999982	3571027.4701457	2826.99209301	1263.18976235
64	2017-03-05 00:00:00	1280.0	1241.0899	1261.30000071	1276.00290001	2335489.4368149	1848.81702453	1263.23449309
65	2017-03-06 00:00:00	1287.0	1267.75010435	1279.87999997	1274.3162846	1890269.727893	1478.48495886	1278.51806443
66	2017-03-07 00:00:00	1282.0	1169.05515973	1274.69300001	1231.26	6024888.0375216	4895.53802606	1230.68966177
67	2017-03-08 00:00:00	1243.64892872	1143.00000021	1231.250001	1146.00000025	6603168.4357802	5567.3610132	1186.04998312
68	2017-03-09 00:00:00	1210.0	1135.0	1146.40800021	1192.91479877	5097344.1165313	4328.40339445	1177.64996743
69	2017-03-10 00:00:00	1365.0	1000.0	1192.91479876	1113.0	18086024.287537	15499.51578906	1166.87672916
70	2017-03-11 00:00:00	1200.00000001	1105.0	1109.99999989	1175.00999951	7782516.5421708	6674.53949104	1166.00052372
71	2017-03-12 00:00:00	1232.3	1166.72254864	1174.0	1224.4	5703290.3993873	4756.8395843	1198.9663091
72	2017-03-13 00:00:00	1249.00000004	1171.0	1224.4	1237.0	8987304.3675635	7321.33073175	1227.55065941
73	2017-03-14 00:00:00	1260.0	1220.5	1236.99999999	1243.22313985	4361732.4270018	3513.58428064	1241.39114892
74	2017-03-15 00:00:00	1267.51000001	1241.58999971	1247.94999989	1255.0099998	5010240.605003	4005.00351838	1250.99530674
75	2017-03-16 00:00:00	1265.20000004	1119.31	1255.1099998	1166.0	14513281.784091	12126.03075227	1196.86994702
76	2017-03-17 00:00:00	1173.99999969	1052.0	1166.0	1070.0	17732666.664374	15941.24577772	1112.37646741
77	2017-03-18 00:00:00	1095.07999999	935.0	1070.0	966.00000029	20086872.733984	19991.051024	1004.79323022
78	2017-03-19 00:00:00	1063.456	965.00000003	971.29066	1015.1	12207329.511626	12050.74329652	1012.99390512
79	2017-03-20 00:00:00	1053.49999998	1010.0	1014.0	1036.88000006	5606782.1918047	5417.55364473	1034.92878141
80	2017-03-21 00:00:00	1123.4	1034.0	1036.88000006	1117.97999765	9763917.2938416	8977.94194729	1087.54515802
81	2017-03-22 00:00:00	1118.0	986.22000007	1117.97999764	1037.69999999	11601986.923637	11129.43293247	1042.45984445
82	2017-03-23 00:00:00	1057.006	1002.52000002	1034.82316026	1034.99999987	5107689.1201645	4921.86660961	1037.7544792
83	2017-03-24 00:00:00	1037.50588201	930.1	1034.99999983	942.51000039	13381400.049497	13665.09513551	979.23943571
84	2017-03-25 00:00:00	980.08958297	888.98999998	946.79999997	971.95083163	13539527.463583	14511.42726562	933.02520942
85	2017-03-26 00:00:00	1008.49999999	948.42378187	971.95083163	963.04740785	8418519.6536257	8623.20783385	976.26310484
86	2017-03-27 00:00:00	1046.52104237	957.673528	966.99999999	1040.25000001	9665623.1186773	9542.79751511	1012.8710269
87	2017-03-28 00:00:00	1066.0	1015.5	1042.70581575	1042.34645781	7787918.0691067	7460.12537819	1043.93930052
88	2017-03-29 00:00:00	1057.98	1008.0	1042.0	1040.0	6149111.6021545	5946.86694366	1034.00860661
89	2017-03-30 00:00:00	1053.29999995	1022.0	1040.0	1040.59908959	7528565.3023409	7270.61752548	1035.47811117
90	2017-03-31 00:00:00	1095.0	1036.79880654	1040.59908959	1081.36295113	10672163.567536	10072.7394047	1059.50954737
91	2017-04-01 00:00:00	1107.11526922	1069.00000101	1078.15705958	1095.87488705	6334579.8717233	5824.83344363	1087.51261869
92	2017-04-02 00:00:00	1140.0	1075.0	1095.0	1106.63248382	17178718.541374	15633.8080686	1098.81856461
93	2017-04-03 00:00:00	1161.0	1101.01	1107.797979	1151.2102033	17393398.7283	15273.96368913	1138.76129878
94	2017-04-04 00:00:00	1164.43609029	1122.38204087	1151.2102033	1143.90818147	10546892.970701	9217.25836932	1144.25489099
95	2017-04-05 00:00:00	1147.88568475	1113.49769376	1143.90818147	1139.99999994	10383414.545307	9199.821243	1128.65394566
96	2017-04-06 00:00:00	1220.0	1137.23976888	1137.2656011	1193.92000001	14807549.44844	12557.3680464	1179.19212001
97	2017-04-07 00:00:00	1208.0	1176.52610038	1194.11636853	1197.58999997	9709020.7560589	8133.25771008	1193.74315952
98	2017-04-08 00:00:00	1207.76999999	1172.40000002	1197.58999997	1189.68903824	5942459.3575465	4993.32304961	1190.08109399
99	2017-04-09 00:00:00	1227.32926696	1180.00000002	1189.68903823	1216.54157433	7033619.5967046	5837.22744036	1204.95897556
100	2017-04-10 00:00:00	1228.99999993	1202.0	1216.54157429	1219.49999999	4710062.2081547	3866.97237504	1218.02323661
101	2017-04-11 00:00:00	1246.17325885	1205.98	1219.54999997	1235.99999901	4563138.8670314	3725.2829572	1224.91067643
102	2017-04-12 00:00:00	1240.24999996	1220.57	1235.3121445	1227.00000044	6514305.7260039	5301.9662533	1228.65846646
103	2017-04-13 00:00:00	1240.0	1160.99998944	1227.00000035	1186.00000004	9560771.8801522	7992.83585865	1196.1676743
104	2017-04-14 00:00:00	1221.73333333	1183.98989962	1188.98989872	1207.5051791	5774865.9823952	4800.06173687	1203.08160581
105	2017-04-15 00:00:00	1218.0	1185.99999959	1207.5051791	1194.54959853	4947169.9788501	4104.21789704	1205.38677598
106	2017-04-16 00:00:00	1217.00000001	1190.00000009	1193.94839339	1212.5	3253026.4592128	2691.61774504	1208.57668783
107	2017-04-17 00:00:00	1240.48624047	1205.26	1212.56	1238.99999999	7497021.9530006	6124.05300205	1224.19285895
108	2017-04-18 00:00:00	1279.99999999	1236.50000223	1238.99999999	1268.04810031	9455075.6645271	7500.09328047	1260.66107592
109	2017-04-19 00:00:00	1293.0	1257.00000001	1265.0	1262.88999999	6540119.5128344	5163.50041313	1266.60578862
110	2017-04-20 00:00:00	1328.0	1260.0	1262.89	1306.65000023	8629088.8722415	6683.05788018	1291.18870836
111	2017-04-21 00:00:00	1334.99999999	1305.55	1306.65000023	1328.0	6823843.60854	5175.24681011	1318.55423691
112	2017-04-22 00:00:00	1349.0	1291.63403611	1328.0	1346.0	6871016.032421	5207.99741996	1319.32016826
113	2017-04-23 00:00:00	1366.9	1336.33991796	1345.3667575	1352.19356875	7462767.432938	5537.5988081	1347.65404493
114	2017-04-24 00:00:00	1357.76054805	1325.95555477	1352.19356875	1347.39901051	7107234.2429539	5294.38259921	1342.41039625
115	2017-04-25 00:00:00	1380.81459654	1341.0960042	1346.86288997	1371.30000001	6630005.3390622	4876.41783008	1359.60567163
116	2017-04-26 00:00:00	1412.93003847	1364.65264554	1372.98	1398.62832429	8147237.9505366	5857.68188701	1390.86384472
117	2017-04-27 00:00:00	1448.88882222	1390.00000009	1398.62832429	1439.38101398	9877013.957389	6953.12883897	1420.5135826
118	2017-04-28 00:00:00	1450.0	1369.54757195	1439.38101398	1413.29999998	12034818.981516	8545.89155839	1408.25786277
119	2017-04-29 00:00:00	1438.0	1404.1203479	1413.29999997	1424.63835519	11151114.554715	7861.70106246	1418.40989197
120	2017-04-30 00:00:00	1442.75347154	1402.0	1424.63835515	1435.08977391	9521701.9646241	6694.79524991	1422.25439452
121	2017-05-01 00:00:00	1585.16	1429.01149368	1435.08977389	1529.99999999	20038395.802244	13412.00859184	1494.0637463
122	2017-05-02 00:00:00	1615.02380427	1510.0	1529.99999999	1561.907	11571053.71835	7422.17146827	1558.98496387
123	2017-05-03 00:00:00	1628.88882222	1545.30940914	1562.14433334	1615.62000002	15060856.611379	9510.43168964	1583.61440393
124	2017-05-04 00:00:00	1699.13	1515.0	1615.62	1603.89857162	26329240.648002	16308.05491792	1614.49300854
125	2017-05-05 00:00:00	1663.9717299	1454.12233181	1603.89857162	1543.4	32397184.731807	20371.31886167	1590.33320089
126	2017-05-06 00:00:00	1629.48	1540.34490983	1543.40000001	1598.2058167	21397848.989857	13521.52198936	1582.50299091
127	2017-05-07 00:00:00	1657.0	1568.0	1598.2058167	1620.15	30423501.191191	19051.15440815	1596.93741068
128	2017-05-08 00:00:00	1723.99999999	1609.99000001	1621.99999994	1705.6743542	35687457.648562	21428.80773893	1665.39632458
129	2017-05-09 00:00:00	1813.8000001	1690.09940342	1705.6743542	1758.51393978	31031382.589537	17657.7834923	1757.37700052
130	2017-05-10 00:00:00	1816.38960565	1705.1	1758.89751477	1799.99999997	19590186.244489	11064.34365869	1770.56921303
131	2017-05-11 00:00:00	1900.99899995	1757.41238003	1799.99999997	1860.10327257	23108792.967502	12497.83636284	1849.02348667
132	2017-05-12 00:00:00	1876.88899399	1704.0	1857.5438325	1735.70623556	22671159.462042	12647.81643398	1792.49592847
133	2017-05-13 00:00:00	1828.56892521	1651.95470847	1735.70623556	1822.18209573	15487324.079017	8946.70591635	1731.06439664
134	2017-05-14 00:00:00	1855.0	1776.777	1822.18209573	1826.0	11894862.005852	6537.96045898	1819.35361654
135	2017-05-15 00:00:00	1835.0	1720.0	1821.00000004	1771.09832331	17995978.976383	10205.64188977	1763.33631639
136	2017-05-16 00:00:00	1799.99	1719.0	1774.4785105	1787.00000024	20535506.520349	11641.71334021	1763.95912871
137	2017-05-17 00:00:00	1897.9	1770.13994165	1790.98999949	1872.99999994	25413098.858037	13764.56270894	1846.26997569
138	2017-05-18 00:00:00	1948.0	1852.28556046	1872.99999999	1942.14469914	18368974.30046	9691.52645629	1895.36440758
139	2017-05-19 00:00:00	1994.0	1925.99999996	1942.2612287	1966.99999984	21303398.31478	10851.22736721	1963.22476655
140	2017-05-20 00:00:00	2075.51461898	1959.94713601	1966.9999998	2074.60645908	18428479.181757	9191.44067801	2004.96090083
141	2017-05-21 00:00:00	2099.99999999	1985.0	2073.0	2030.99999999	19641402.589295	9596.26451457	2046.77586361
142	2017-05-22 00:00:00	2229.19999997	1975.19120351	2030.99999996	2090.00000006	32492458.446294	15340.73041979	2118.05158927
143	2017-05-23 00:00:00	2245.0	2065.0	2092.00000003	2244.89495691	23111448.180548	10643.57533546	2171.39893805
144	2017-05-24 00:00:00	2447.99999999	2220.0	2244.0	2389.00000017	34548265.730881	14867.8601337	2323.68783538
145	2017-05-25 00:00:00	2698.36062429	2075.05493865	2389.0000002	2210.0	71553361.438062	29913.10205027	2392.04082939
146	2017-05-26 00:00:00	2484.45555317	1928.0	2210.0	2130.82794284	64314551.745563	29191.79238875	2203.17241535
147	2017-05-27 00:00:00	2205.56738819	1538.0	2135.5	1972.76599998	92665867.003232	48896.61680798	1895.1386221
148	2017-05-28 00:00:00	2196.0	1850.0	1971.62	2057.10000001	53655830.894775	26269.16735119	2042.54022129
149	2017-05-29 00:00:00	2252.3002892	1976.01000001	2054.60213318	2207.0	33996389.987358	15934.80994729	2133.46692554
150	2017-05-30 00:00:00	2284.0	2050.5	2207.00000001	2139.99999999	40157964.723235	18353.43228897	2188.03568133
151	2017-05-31 00:00:00	2240.50000002	2005.93937735	2139.99999998	2196.99999967	32306413.202331	15118.10403927	2136.93549921
152	2017-06-01 00:00:00	2368.55663483	2171.08644538	2196.99899999	2314.59525181	40944880.757948	17878.83109912	2290.13186214
153	2017-06-02 00:00:00	2413.92321999	2267.9299436	2322.20898	2408.0	22364557.424392	9630.88878719	2322.16962718
154	2017-06-03 00:00:00	2482.25	2344.2680156	2413.0	2455.30084836	23687278.961569	9788.25216392	2419.97024237
155	2017-06-04 00:00:00	2497.21329063	2374.0	2460.22139999	2483.55	21332021.248219	8691.91844533	2454.23624052
156	2017-06-05 00:00:00	2635.35652085	2477.48999998	2483.55	2635.35652085	22372229.837905	8772.08464631	2550.38918796
157	2017-06-06 00:00:00	2894.99999999	2580.0	2635.00000005	2846.0	81923184.446165	29648.76541248	2763.12295997
158	2017-06-07 00:00:00	2862.54525257	2564.0	2846.00000001	2645.50430872	49070430.356723	17896.31493884	2741.92930357
159	2017-06-08 00:00:00	2797.14511794	2558.9	2645.50430872	2788.0	34013412.940554	12593.05384383	2700.96621219
160	2017-06-09 00:00:00	2850.99999949	2769.11589253	2786.16326382	2816.09973687	25275425.99678	8984.74441692	2813.14913634
161	2017-06-10 00:00:00	2906.16026926	2760.0	2813.0	2811.82022002	30620792.046735	10812.67489572	2831.93495985
162	2017-06-11 00:00:00	2977.0	2784.00000002	2803.99990001	2937.1	30830678.595825	10719.86273014	2876.03296534
163	2017-06-12 00:00:00	2965.0	2300.0	2937.1	2571.05013426	88704710.63544	34030.29827623	2606.63923411
164	2017-06-13 00:00:00	2750.0	2513.58496152	2566.50556852	2676.77469678	42251296.767639	16027.88829868	2636.11125684
165	2017-06-14 00:00:00	2729.21	2273.1	2671.00086237	2386.78070979	63183088.135901	25265.77729572	2500.73795064
166	2017-06-15 00:00:00	2459.85750006	2012.0	2386.7807098	2374.46992685	104677533.97412	46736.31646862	2239.74720053
167	2017-06-16 00:00:00	2477.48703455	2240.0	2374.46992799	2435.00000001	43479966.625069	18240.33432428	2383.7264083
168	2017-06-17 00:00:00	2640.0	2369.61451577	2438.49136377	2607.14769572	36800919.715181	14593.31249158	2521.76603059
169	2017-06-18 00:00:00	2640.44856603	2408.0	2607.14769572	2492.3	46411759.478332	18380.48197686	2525.05671705
170	2017-06-19 00:00:00	2596.3421559	2481.49782383	2491.12119074	2583.04709526	28294406.623223	11121.83806339	2544.04051398
171	2017-06-20 00:00:00	2785.52657367	2563.73	2584.99999992	2668.00000301	36903854.052626	13857.80593999	2663.03729554
172	2017-06-21 00:00:00	2775.81626497	2541.20794418	2668.00000301	2620.0	43815656.010359	16445.25889265	2664.33361106
173	2017-06-22 00:00:00	2704.94331536	2544.0	2624.90653876	2673.37636987	22304647.568062	8462.66939048	2635.65153486
174	2017-06-23 00:00:00	2720.0	2650.0	2675.32267508	2670.0	13090231.864388	4866.66585205	2689.77412099
175	2017-06-24 00:00:00	2687.99999999	2450.92370001	2670.881526	2503.48203847	34088563.732193	13306.06568386	2561.88151645
176	2017-06-25 00:00:00	2602.08518563	2359.10291486	2503.4303456	2481.8117977	41560204.433619	16729.61422977	2484.22969369
177	2017-06-26 00:00:00	2508.92659464	2192.00000001	2479.9	2395.28891992	73840480.752938	31333.87509032	2356.57034248
178	2017-06-27 00:00:00	2515.99999999	2168.333	2393.38025002	2510.0	62426319.778939	26625.38021272	2344.61702631
179	2017-06-28 00:00:00	2560.79000002	2390.38105202	2510.0	2513.00000002	39676839.183427	16022.41754832	2476.33286698
180	2017-06-29 00:00:00	2539.5783773	2398.9622295	2517.99999998	2468.47472319	31738707.57099	12790.44807094	2481.43828855
181	2017-06-30 00:00:00	2510.0	2402.11	2466.44776592	2423.6613876	22464915.807933	9118.53276639	2463.6546672
182	2017-07-01 00:00:00	2441.99999996	2284.0	2423.66138761	2346.54237323	27320209.019652	11557.55590694	2363.83965949
183	2017-07-02 00:00:00	2465.0	2295.4139943	2346.0	2435.14325217	24458197.645721	10295.86307975	2375.53641266
184	2017-07-03 00:00:00	2591.89899	2417.54545454	2438.58276941	2536.4577091	32364235.437645	12886.91317815	2511.40323444
185	2017-07-04 00:00:00	2624.12345003	2530.01475643	2535.69695163	2603.0000001	7872389.9394885	3036.42988533	2592.64670576
186	2017-07-05 00:00:00	2619.90012345	2480.61	2579.9544137	2599.00010597	19375861.158388	7608.23567432	2546.69571077
187	2017-07-06 00:00:00	2605.44380335	2546.38790528	2599.00014572	2589.9457086	13985440.225324	5422.78804626	2579.01288156
188	2017-07-07 00:00:00	2599.81347213	2423.0	2587.05608579	2477.0	30327873.809744	12106.08218448	2505.17660028
189	2017-07-08 00:00:00	2549.27253246	2420.0	2476.99999997	2549.27253246	22059814.777304	8892.05355569	2480.84591924
190	2017-07-09 00:00:00	2559.0	2470.0	2549.27253246	2473.1147386	14494306.767811	5754.35887929	2518.83955656
191	2017-07-10 00:00:00	2499.59999999	2244.0	2474.88862999	2316.0	45871920.07411	19287.1574026	2378.36603479
192	2017-07-11 00:00:00	2375.425162	2183.00000001	2316.0	2283.99552336	57419123.935356	25051.60022217	2292.0341785
193	2017-07-12 00:00:00	2398.445	2195.00000004	2283.99552336	2375.92499996	40112388.629013	17335.85568848	2313.83955599
194	2017-07-13 00:00:00	2400.0	2284.01	2376.0	2327.26714203	32875535.077485	14054.82265814	2339.09284216
195	2017-07-14 00:00:00	2350.0	2133.99999997	2327.3	2205.90730017	33293525.850205	14905.35924947	2233.6614162
196	2017-07-15 00:00:00	2213.87290324	1972.00001	2205.90730018	1977.5	59275252.46186	28823.07244634	2056.5209546
197	2017-07-16 00:00:00	2054.0	1835.00027699	1977.5	1925.89999989	66403515.271259	34464.89826659	1926.69987758
198	2017-07-17 00:00:00	2224.84499999	1922.19330015	1922.19330015	2223.40308238	59429221.78286	28707.75490146	2070.14522685
199	2017-07-18 00:00:00	2390.0	2117.27096332	2223.40308238	2299.99999958	74187365.781234	32552.14170484	2279.0317901
200	2017-07-19 00:00:00	2409.90497	2210.0	2299.99999951	2249.99999972	53165309.176763	23108.49889393	2300.68207462
201	2017-07-20 00:00:00	2925.99999999	2246.91570781	2249.99999972	2855.0	115996549.015	44658.09641771	2597.4360378
202	2017-07-21 00:00:00	2864.00000006	2600.5	2850.95	2666.69902964	74807686.659492	27406.65471447	2729.54461019
203	2017-07-22 00:00:00	2909.51102727	2646.5026124	2669.65585919	2847.0	58251215.17102	20724.55731642	2810.73386908
204	2017-07-23 00:00:00	2880.1512172	2655.0	2847.00000004	2751.43083445	45486459.59329	16433.28298121	2767.9471987
205	2017-07-24 00:00:00	2815.51744787	2705.01	2751.43083446	2769.36363636	32987032.014307	11943.75185936	2761.86514947
206	2017-07-25 00:00:00	2800.0	2417.33001	2769.36363637	2565.99999948	102645701.46694	39725.94814014	2583.84522642
207	2017-07-26 00:00:00	2619.96493511	2400.0	2565.99999948	2526.35064673	52104922.715903	20882.98379061	2495.08993725
208	2017-07-27 00:00:00	2695.65148429	2506.44022736	2526.35064674	2669.999998	36320872.791147	14050.65643496	2584.9947267
209	2017-07-28 00:00:00	2844.23	2660.0	2669.99999799	2789.98120002	54072388.339692	19643.05920634	2752.7478165
210	2017-07-29 00:00:00	2794.9	2659.00000005	2788.5	2719.00000003	25901757.130231	9538.23970504	2715.56995118
211	2017-07-30 00:00:00	2753.48609939	2619.97526495	2723.5697957	2753.0	22700308.589035	8432.37561724	2692.04191315
212	2017-07-31 00:00:00	2882.99999994	2692.17417055	2753.48609939	2855.0	29353388.684545	10520.1737698	2790.19998403
213	2017-08-01 00:00:00	2927.00000002	2640.0	2855.0	2736.48268487	52056978.710515	18804.3860262	2768.34237703
214	2017-08-02 00:00:00	2760.46813195	2667.6606257	2736.38268496	2699.0	23714653.950686	8730.9253108	2716.16731405
215	2017-08-03 00:00:00	2808.77059872	2698.0	2699.0	2794.88999995	15339545.638192	5569.7253257	2754.09373733
216	2017-08-04 00:00:00	2879.90000004	2762.00000002	2789.12000004	2863.0099985	17359065.526864	6128.85815424	2832.34904283
217	2017-08-05 00:00:00	3333.0	2852.82382318	2858.00002018	3256.53665595	61195311.48266	19401.93722356	3154.08254224
218	2017-08-06 00:00:00	3309.0	3143.0	3253.00000004	3228.99999993	28805789.40803	8890.12740818	3240.19984027
219	2017-08-07 00:00:00	3436.20089999	3191.0	3228.99991998	3398.99999999	29894673.359708	8959.5371539	3336.63144046
220	2017-08-08 00:00:00	3480.0	3350.0	3397.99999999	3411.0	38268744.516578	11195.10423652	3418.34642251
221	2017-08-09 00:00:00	3429.42220025	3229.18977781	3405.99999998	3334.33601873	33829413.320405	10161.48239223	3329.18092209
222	2017-08-10 00:00:00	3444.999999	3306.19746171	3337.0	3415.86609324	21173252.151403	6233.02512729	3396.94638141
223	2017-08-11 00:00:00	3674.9	3400.88	3418.86609323	3641.33709998	26030562.907956	7385.87902173	3524.36897915
224	2017-08-12 00:00:00	3767.50499997	3591.56508346	3648.99999994	3767.50499997	10854285.361622	2944.27531723	3686.57282085
225	2017-08-13 00:00:00	4254.88402546	3833.0	3865.0	4025.0	68906069.908798	17104.43432853	4028.55005814
226	2017-08-14 00:00:00	4245.0	3965.0	4051.69740436	4186.0	18614859.766028	4534.26725734	4105.3733072
227	2017-08-15 00:00:00	4426.0	3761.70461157	4310.92800002	4149.0	80209337.179699	19596.05947358	4093.13603522
228	2017-08-16 00:00:00	4395.55499999	3926.0	4146.00000001	4380.99999999	40427286.664403	9680.75941664	4176.04496966
229	2017-08-17 00:00:00	4489.20999994	4180.0	4380.99999999	4262.0	47385213.473242	10911.64942838	4342.62608822
230	2017-08-18 00:00:00	4354.0	3960.0	4262.00000001	4090.0	53465748.50672	12831.51354073	4166.75307531
231	2017-08-19 00:00:00	4187.8917385	3910.0	4090.0	4137.62063907	60390800.933055	14903.22081321	4052.19795707
232	2017-08-20 00:00:00	4185.5046549	4035.33083709	4148.31645086	4074.84913119	27106681.999013	6596.03773397	4109.54016521
233	2017-08-21 00:00:00	4100.6799598	3950.0	4074.0	3994.00000003	39085823.926302	9705.0606939	4027.36522306
234	2017-08-22 00:00:00	4095.0	3601.00000005	4003.56396757	4064.5176	62015463.992713	15978.87588038	3881.09053834
235	2017-08-23 00:00:00	4249.0	4020.00000003	4060.0	4136.0	42682951.088524	10300.62699163	4143.72359305
236	2017-08-24 00:00:00	4365.0	4105.0	4132.00000001	4321.0	31337716.371695	7435.72329083	4214.48124762
237	2017-08-25 00:00:00	4455.123	4261.19417368	4321.0	4352.00000091	30468459.336863	6995.18553573	4355.63276788
238	2017-08-26 00:00:00	4375.0	4248.61386148	4352.43520091	4354.95	23976332.051985	5569.5761483	4304.87552617
239	2017-08-27 00:00:00	4398.0	4249.39291	4354.94999999	4321.66862636	19857203.619393	4577.21824657	4338.26891131
240	2017-08-28 00:00:00	4399.99	4170.0000005	4330.0	4380.009999	32598240.17618	7588.96758553	4295.47758753
241	2017-08-29 00:00:00	4650.0	4336.0	4380.009999	4590.00000001	31750225.494503	7035.71927678	4512.71920403
242	2017-08-30 00:00:00	4632.19603703	4465.89999997	4590.00000002	4573.3974586	23325733.047973	5108.75500605	4565.83512428
243	2017-08-31 00:00:00	4742.4189453	4563.93900054	4567.7	4715.15472512	23692351.824155	5071.83394167	4671.35795387
244	2017-09-01 00:00:00	4900.0	4664.63384397	4715.15472512	4899.00000047	41131095.695636	8587.91742996	4789.41443383
245	2017-09-02 00:00:00	4950.0	4361.18000002	4899.99999999	4511.0	88448299.7225	19255.1592391	4593.48575746
246	2017-09-03 00:00:00	4730.0	4330.0	4511.0	4604.23005	44240707.04095	9747.58242843	4538.6337962
247	2017-09-04 00:00:00	4609.41189999	4021.8	4604.23005	4208.99999996	81228486.311874	19061.0764831	4261.48472694
248	2017-09-05 00:00:00	4472.35273107	3910.0	4208.99999996	4385.95793389	59766471.945184	14328.06878104	4171.28594638
249	2017-09-06 00:00:00	4630.57664352	4349.09835001	4385.8548202	4589.00866529	37845268.4055	8414.55915746	4497.5937179
250	2017-09-07 00:00:00	4685.12007432	4447.22235	4592.0	4613.67058239	28578683.165968	6252.44619679	4570.80033421
251	2017-09-08 00:00:00	4678.1	4050.0	4613.67058241	4301.07510754	74450350.712083	17258.75939373	4313.77186584
252	2017-09-09 00:00:00	4377.59999999	4150.0	4308.52943341	4321.06375806	25031316.480883	5855.35663051	4274.94310943
253	2017-09-10 00:00:00	4322.93224359	3973.65663723	4322.14135638	4230.0	37275561.787996	8989.81413772	4146.42185221
254	2017-09-11 00:00:00	4370.0	4120.786	4229.99998942	4200.21000001	27663201.714656	6557.56735271	4218.51583472
255	2017-09-12 00:00:00	4376.40009654	4050.7196195	4200.21000003	4143.7887779	32206815.425438	7638.97113584	4216.11953399
256	2017-09-13 00:00:00	4158.54014199	3738.0	4143.7887779	3863.99999999	59770375.786067	15312.42261216	3903.39120725
257	2017-09-14 00:00:00	3931.34184627	3203.0	3860.40366478	3225.00000019	96664634.780868	27446.25299676	3521.96107761
258	2017-09-15 00:00:00	3817.74999997	2927.40000002	3225.00000059	3696.0	139231789.90144	41061.21994434	3390.83422485
259	2017-09-16 00:00:00	3895.00000002	3504.761	3696.0	3686.19615279	50749399.288485	13765.00198925	3686.84285902
260	2017-09-17 00:00:00	3772.0	3470.11000004	3685.1	3677.99675073	29313504.897916	8069.45401566	3632.65034301
261	2017-09-18 00:00:00	4114.27670678	3671.0002	3671.0002	4078.0	43856927.245025	11137.16281674	3937.89046336
262	2017-09-19 00:00:00	4109.69756083	3830.00000001	4077.61645508	3900.0	33325193.431471	8443.58091624	3946.80808558
263	2017-09-20 00:00:00	4048.47	3831.10000001	3900.0	3875.95761909	20882425.703425	5298.00216376	3941.56609566
264	2017-09-21 00:00:00	3918.21099997	3558.00000001	3875.00000015	3600.00000001	36493119.009385	9769.21004753	3735.52404256
265	2017-09-22 00:00:00	3745.37997275	3490.20653793	3600.0	3590.0	31037034.319058	8607.72297592	3605.71946911
266	2017-09-23 00:00:00	3811.0	3556.00001	3589.99999959	3784.99999999	18063911.355514	4846.55559704	3727.16478617
267	2017-09-24 00:00:00	3802.26862745	3612.27878477	3784.99999999	3659.45499703	10850221.916853	2938.84065713	3692.00755764
268	2017-09-25 00:00:00	3975.3307	3655.88281585	3659.45499703	3925.95699997	24529373.544617	6369.99684274	3850.76698626
269	2017-09-26 00:00:00	3990.9	3845.0	3925.93999999	3880.729	15261636.181233	3892.3565628	3920.92449265
270	2017-09-27 00:00:00	4234.25902018	3879.00000001	3880.729	4202.0	28598100.132058	7008.92085127	4080.24298446
271	2017-09-28 00:00:00	4277.99999989	4110.00000002	4204.21290001	4190.00838781	26059130.215439	6211.0436922	4195.61212363
272	2017-09-29 00:00:00	4245.0	4010.1	4189.8783878	4168.0678793	24329621.970669	5893.95557702	4127.89367899
273	2017-09-30 00:00:00	4390.0	4164.00000001	4170.0	4365.00000006	16074622.837572	3730.58451882	4308.87512572
274	2017-10-01 00:00:00	4421.0	4255.51288978	4365.00000006	4412.79348634	13036065.405006	3008.98915404	4332.37367688
275	2017-10-02 00:00:00	4486.99999999	4358.0	4412.79348634	4401.0	16503106.174588	3732.77094287	4421.14087019
276	2017-10-03 00:00:00	4434.01234	4216.0	4401.0	4308.88	17628673.696058	4103.76462272	4295.7321671
277	2017-10-04 00:00:00	4350.83575743	4173.30560003	4311.05341807	4213.30042629	12156970.632115	2867.88559073	4239.00125981
278	2017-10-05 00:00:00	4368.58692255	4131.00000007	4213.30042629	4317.0654709	14102080.415096	3312.38667653	4257.37747196
279	2017-10-06 00:00:00	4423.75492629	4298.32	4317.06547089	4371.63623916	9684440.082593	2217.16941326	4367.92967856
280	2017-10-07 00:00:00	4480.0	4314.00000001	4371.63623912	4440.0	12568479.037771	2876.11922225	4369.9436868
281	2017-10-08 00:00:00	4633.39225828	4420.71604367	4440.0	4611.00000019	19782392.987906	4353.59971723	4543.91636181
282	2017-10-09 00:00:00	4888.0	4553.12640386	4617.75757253	4787.65755	28600172.201272	6065.64259486	4715.11002404
283	2017-10-10 00:00:00	4939.13	4714.83272866	4782.86989244	4770.0	22146485.271026	4584.01941585	4831.23723133
284	2017-10-11 00:00:00	4875.47850202	4720.0	4770.0	4820.00000001	11401863.434754	2373.60368199	4803.60875796
285	2017-10-12 00:00:00	5444.36749996	4820.00000001	4826.0	5441.55460001	42509665.702337	8183.77109144	5194.38596551
286	2017-10-13 00:00:00	5862.0	5385.60000002	5444.36749995	5646.6291435	65662685.365964	11638.27632148	5641.95964696
287	2017-10-14 00:00:00	5850.0	5560.176205	5646.81105826	5832.72549999	20431178.047336	3582.23137042	5703.47806566
288	2017-10-15 00:00:00	5880.87	5434.14000003	5839.99999995	5715.0	36914135.984565	6600.63449379	5592.51326812
289	2017-10-16 00:00:00	5800.0	5565.0	5715.00000001	5765.0	31343494.34654	5516.72776177	5681.53726267
290	2017-10-17 00:00:00	5780.10765528	5512.68447392	5765.0	5609.38701781	26958951.01156	4799.39724407	5617.15349669
291	2017-10-18 00:00:00	5609.3870178	5100.0	5609.3870178	5562.99999973	42728638.503172	7989.88174847	5347.84366631
292	2017-10-19 00:00:00	5737.90918111	5495.86543267	5569.64953294	5696.65487095	22373731.47278	3961.46968003	5647.83610122
293	2017-10-20 00:00:00	6095.0	5600.09056759	5696.65487095	5992.0	31671110.599309	5368.22766746	5899.73312631
294	2017-10-21 00:00:00	6180.0	5865.0	5990.0	6009.33864396	33916718.483332	5597.0185381	6059.78312425
295	2017-10-22 00:00:00	6069.99999999	5707.36180313	6009.33864396	5963.68434001	29397655.89187	4998.3810114	5881.4355738
296	2017-10-23 00:00:00	6058.99999998	5500.0	5975.0	5899.99999999	39264109.488824	6774.53067337	5795.84201207
297	2017-10-24 00:00:00	5900.0	5460.0	5900.0	5508.76	39942309.385756	7083.69263184	5638.62824965
298	2017-10-25 00:00:00	5745.0	5362.39	5500.00000003	5709.31000001	23695905.619236	4282.42831031	5533.28716844
299	2017-10-26 00:00:00	5968.0	5669.10470001	5709.31000001	5880.00000001	24489995.607452	4195.14806198	5837.69517681
300	2017-10-27 00:00:00	5999.00201	5683.1844118	5882.00000001	5756.51178353	18054468.287269	3102.75128825	5818.85772012
301	2017-10-28 00:00:00	5870.32000074	5641.0	5756.51178354	5719.0	11070228.503588	1931.69504951	5730.83650361
302	2017-10-29 00:00:00	6248.63	5670.0	5719.0	6155.0	33176735.611668	5545.15410503	5983.01417476
303	2017-10-30 00:00:00	6246.07500019	6004.39742146	6155.0	6125.0	17545716.861177	2862.98214754	6128.47581891
304	2017-10-31 00:00:00	6475.44007663	6091.09	6121.35190656	6450.02162843	24118456.124153	3829.37339929	6298.27744889
305	2017-11-01 00:00:00	6739.791199	6351.0	6455.0	6739.791199	30821269.442537	4721.89715208	6527.30638763
306	2017-11-02 00:00:00	7281.42800003	6607.30296794	6739.79119899	7025.0	74401788.913629	10748.34966423	6922.1593303
307	2017-11-03 00:00:00	7438.62920135	6921.23923663	7025.0	7124.35999982	42603430.778345	5919.59250455	7197.02086682
308	2017-11-04 00:00:00	7440.00000004	6864.16306531	7124.35999982	7365.99999999	36762707.584537	5099.92868749	7208.47483117
309	2017-11-05 00:00:00	7599.0	7250.3	7360.00000009	7379.16813705	32231637.398836	4322.23052887	7457.17684041
310	2017-11-06 00:00:00	7420.0	6908.51315854	7379.16813705	6929.97042124	47092577.364804	6588.70881429	7147.46677872
311	2017-11-07 00:00:00	7250.99999997	6929.97042124	6929.97042124	7084.87344467	29114065.737518	4117.55484485	7070.71716942
312	2017-11-08 00:00:00	7770.99929997	7000.0	7084.87344467	7409.99999999	68447769.287297	9304.06211212	7356.76185976
313	2017-11-09 00:00:00	7441.99999994	6955.47946617	7398.0	7020.0	44561094.134016	6184.85434525	7204.8736553
314	2017-11-10 00:00:00	7277.39199995	6315.0	7020.0	6543.20421755	90827394.139463	13449.76633714	6753.08342633
315	2017-11-11 00:00:00	6800.0	6150.0	6544.4404005	6300.00000041	82349719.452908	12817.54890784	6424.76342747
316	2017-11-12 00:00:00	6549.00000006	5151.0	6318.99999999	5834.99999999	170040869.59164	28336.75894946	6000.7169449
317	2017-11-13 00:00:00	6701.98532544	5773.22256332	5840.54588383	6475.7786365	113649124.66403	18072.31934397	6288.57439385
318	2017-11-14 00:00:00	6687.99999997	6299.35892763	6477.99999999	6554.91826454	44315475.662529	6785.763522	6530.65429098
319	2017-11-15 00:00:00	7298.35	6554.91826453	6554.91826454	7275.1192	67128214.469818	9572.66396901	7012.49042974
320	2017-11-16 00:00:00	7980.0	7082.12862336	7275.1192	7858.00100004	83626670.641329	11103.86306679	7531.31321399
321	2017-11-17 00:00:00	8022.0	7511.0	7858.999	7687.51011467	69824314.893926	8946.19052298	7804.92151542
322	2017-11-18 00:00:00	7855.180018	7413.00000009	7687.51011467	7770.0	44817158.422224	5862.04677642	7645.30890515
323	2017-11-19 00:00:00	8131.29887311	7650.00000001	7768.3834313	8060.0	41462129.384962	5244.92635594	7905.18809439
324	2017-11-20 00:00:00	8299.754	7951.0	8076.49966669	8249.00000001	34280280.986163	4201.59371023	8158.87573867
325	2017-11-21 00:00:00	8389.16699997	7807.0	8249.00000001	8107.0	67393997.555178	8320.6135928	8099.64274912
326	2017-11-22 00:00:00	8319.0	8077.8244035	8107.0	8213.64556508	35871100.193125	4371.91181056	8204.90022385
327	2017-11-23 00:00:00	8268.31399996	8000.0	8213.64556508	8000.0	44926073.522192	5505.67917339	8159.95122624
328	2017-11-24 00:00:00	8338.58061257	7890.0	8000.0	8198.93	57726796.506578	7086.67633588	8145.82094208
329	2017-11-25 00:00:00	8709.99999914	8144.52362511	8190.00050001	8709.0	55753752.55269	6589.40738728	8461.11786324
330	2017-11-26 00:00:00	9350.0	8682.99999994	8709.0	9284.33658751	69116873.941227	7658.58213839	9024.76107095
331	2017-11-27 00:00:00	9730.00000016	9211.0	9284.33658751	9711.00000013	79743097.65321	8362.80544615	9535.44814197
332	2017-11-28 00:00:00	9951.42766235	9599.99999987	9711.00000014	9879.96875865	61246815.565514	6232.03764442	9827.73517428
333	2017-11-29 00:00:00	11447.09553169	8700.0	9882.09865999	9702.0	255694366.39002	25162.03540249	10161.91108151
334	2017-11-30 00:00:00	10570.10000001	8861.0	9730.99999955	9907.67682035	139091071.86224	14375.62659305	9675.47890604
335	2017-12-01 00:00:00	10829.585001	9350.3	9907.76	10699.888888	76715777.337918	7561.2407543	10145.92443631
336	2017-12-02 00:00:00	11197.80895967	10595.00515206	10699.888888	10895.7862823	73453885.354546	6726.61122927	10919.89455774
337	2017-12-03 00:00:00	11847.88172105	10465.0	10895.7862823	11174.99999992	118265649.11227	10502.68082442	11260.5201557
338	2017-12-04 00:00:00	11600.0	10800.8245999	11174.99999992	11600.0	62134737.343657	5497.92329904	11301.49221152
339	2017-12-05 00:00:00	11867.0	11411.70741524	11600.0	11665.13875565	56783902.300805	4869.06117357	11662.18707808
340	2017-12-06 00:00:00	13666.0	11641.00000001	11665.13875565	13580.90538838	141297888.00586	11194.92889797	12621.59762635
341	2017-12-07 00:00:00	16672.0	13092.27285484	13580.90538838	16563.50743405	244169690.64637	16534.34850713	14767.42131938
342	2017-12-08 00:00:00	17200.0	13899.9999999	16563.50743405	15847.67803098	230420652.31763	14970.35092352	15391.80033218
343	2017-12-09 00:00:00	16234.14	12919.0	15847.67803098	14690.2198385	137360332.40278	9538.40577987	14400.76419192
344	2017-12-10 00:00:00	16000.0	12700.006	14690.21983851	14906.01490599	162397487.41352	11357.20256226	14299.07466413
345	2017-12-11 00:00:00	17450.0	14906.00000001	14929.8	16478.96	141877409.19868	8641.58230221	16417.98969644
346	2017-12-12 00:00:00	16980.0	15667.0	16478.96	16227.9999999	144285571.10476	8795.89171492	16403.7457237
347	2017-12-13 00:00:00	16530.000001	15100.0	16227.9999999	15907.0	150292580.36163	9412.20193278	15967.84487147
348	2017-12-14 00:00:00	16668.00000001	15451.0	15939.0	16401.52900029	137992588.72553	8540.16353113	16158.07334631
349	2017-12-15 00:00:00	18000.0	16300.0	16401.52900033	17540.0	150193595.85286	8627.31615252	17409.0752208
350	2017-12-16 00:00:00	19764.788462	17250.99999998	17540.00000005	19223.0	117335298.74412	6356.848079	18458.09389904
351	2017-12-17 00:00:00	19903.4402144	18569.63785309	19222.99999997	18959.19999967	140092326.44647	7282.77058333	19236.13065158
352	2017-12-18 00:00:00	19200.0	17805.43793687	18959.19999966	18930.53404981	152446347.02492	8225.56552451	18533.23599096
353	2017-12-19 00:00:00	19000.0	16502.0	18930.53404981	17309.99999999	193311486.52772	10880.42851584	17766.90010382
354	2017-12-20 00:00:00	17835.00000003	15550.00000008	17309.99999999	16470.0	234537121.84674	14188.44815312	16530.14616649
355	2017-12-21 00:00:00	17375.98798753	14500.0	16403.59874676	15293.0	186951564.06661	11868.53629731	15751.86353088
356	2017-12-22 00:00:00	15519.79447536	11362.39	15180.00000001	13247.06419074	396038503.84234	29968.89251945	13214.98629237
357	2017-12-23 00:00:00	14940.0	13000.0	13200.00000001	13830.0	162555092.92983	11453.33700481	14192.81497275
358	2017-12-24 00:00:00	13999.0	11703.13716406	13830.0	13517.00000009	172488515.64539	13389.67434668	12882.20394158
359	2017-12-25 00:00:00	14300.0	12702.8464126	13510.98484645	13637.99999972	83950439.713653	6181.97594595	13579.87162157
360	2017-12-26 00:00:00	16050.65549987	13510.53958989	13637.99999972	15700.085745	125250306.98157	8234.25934863	15210.87710243
361	2017-12-27 00:00:00	16500.90800028	14454.0	15690.00000006	15370.01000001	124139342.61595	8029.24523807	15460.8981212
362	2017-12-28 00:00:00	15464.07930619	13260.01051	15370.01000001	14307.3458536	130806984.96319	9301.91479356	14062.37187355
363	2017-12-29 00:00:00	15100.0	13770.00000005	14307.3458536	14305.53422499	100213730.25999	6966.730038	14384.61512264
364	2017-12-30 00:00:00	14365.38790685	11701.00000003	14305.53422499	12351.93000029	164673298.68738	12776.3452807	12888.92050656
365	2017-12-31 00:00:00	14145.0	12205.0	12390.0	13769.34198361	94241790.44347	7123.68044519	13229.36804487
366	2018-01-01 00:00:00	13891.99999996	12800.0	13799.99999984	13351.7394064	78833063.078719	5912.52921643	13333.22173861
367	2018-01-02 00:00:00	15325.0	12875.0	13400.71449717	14738.00000001	109224074.69754	7753.17758932	14087.65289318
368	2018-01-03 00:00:00	15440.725015	14476.14012492	14731.20000023	15150.0	106036383.51469	7101.1727295	14932.23549881
369	2018-01-04 00:00:00	15400.00000004	14083.91135919	15150.0	15167.62803252	111185470.03039	7524.94662601	14775.58254646
370	2018-01-05 00:00:00	17108.0	14772.4649684	15167.62803252	16924.0	127071935.80705	7958.88951768	15966.03841839
371	2018-01-06 00:00:00	17257.08719135	16200.0	16923.99999996	17158.72758957	76125226.327979	4558.21866125	16700.65259815
372	2018-01-07 00:00:00	17177.44769997	15683.8615253	17158.7275	16174.43357169	72935547.105704	4446.03797208	16404.61632665
373	2018-01-08 00:00:00	16277.49999996	13268.188	16170.7066618	14922.81071439	132386233.27782	8907.41666752	14862.47227667
374	2018-01-09 00:00:00	15427.83421139	14110.83932393	14915.08478054	14388.06253537	79106643.468573	5357.28747428	14766.17483163
375	2018-01-10 00:00:00	15000.00000006	13270.0	14388.06253538	14854.0	109754014.55468	7789.71218601	14089.61100665
376	2018-01-11 00:00:00	14931.00000004	12593.46211929	14854.0	13291.67567771	131799939.74552	9749.88036612	13518.1084071
377	2018-01-12 00:00:00	14119.63214537	12600.0	13255.00000168	13812.52734302	67634697.851652	4975.26036115	13594.20270339
378	2018-01-13 00:00:00	14591.36669224	13758.0	13812.52734302	14204.99999789	46584640.495383	3279.73638344	14203.77586765
379	2018-01-14 00:00:00	14449.0273932	12853.99999974	14178.00000001	13560.0	65638686.272321	4888.93165869	13425.97746394
380	2018-01-15 00:00:00	14300.0	13304.02596262	13560.0	13580.0	53535285.42452	3879.73220791	13798.7063425
381	2018-01-16 00:00:00	13589.88232828	10000.0	13580.0	11102.69798098	198203240.6128	17107.23414848	11585.93136052
382	2018-01-17 00:00:00	11800.0	9150.28999997	11041.42197477	11036.11532467	170671826.8403	16353.78705619	10436.22656048
383	2018-01-18 00:00:00	11900.0	10400.0	11088.99122314	11010.00009	119824231.84062	10593.30128156	11311.32105618
384	2018-01-19 00:00:00	11750.0	10641.0	11010.00009	11410.53924928	60647072.418535	5388.71278391	11254.46370042
385	2018-01-20 00:00:00	13400.0	11406.70000101	11412.12	12750.17487957	83448831.482163	6700.67008107	12453.80394386
386	2018-01-21 00:00:00	12750.17487364	10950.0	12748.89985765	11510.0	77777897.885063	6608.21412018	11769.8816156
387	2018-01-22 00:00:00	11896.06346557	9947.99999998	11510.0	10767.0	92371635.394113	8553.41629321	10799.38497409
388	2018-01-23 00:00:00	11400.0	9880.00000009	10767.0	10807.7699848	72381369.277563	6772.20269239	10688.0098788
389	2018-01-24 00:00:00	11516.79592154	10350.0	10829.99999963	11388.8	53417007.865987	4837.5844867	11042.08267842
390	2018-01-25 00:00:00	11722.64501562	10890.0	11388.7838514	11170.46487644	43995430.318203	3908.71120917	11255.73826354
391	2018-01-26 00:00:00	11635.62260994	10293.1857382	11167.46487651	11079.309822	68040992.544272	6268.16691429	10855.00649147
392	2018-01-27 00:00:00	11650.0	10824.81809367	11079.309822	11480.56138879	44932560.260247	3971.22192802	11314.54274645
393	2018-01-28 00:00:00	12200.0	11425.0	11480.56138955	11849.99989962	48878713.473869	4119.40187491	11865.48799027
394	2018-01-29 00:00:00	12000.0	11100.0	11849.99989962	11227.0	35761454.807131	3123.57790019	11448.8756003
395	2018-01-30 00:00:00	11271.32887049	9850.0	11235.46599465	10181.53934991	67375546.228963	6439.28051289	10463.2103065
396	2018-01-31 00:00:00	10424.62688464	9700.46388593	10184.66464945	10261.25665107	42316889.544944	4204.12784229	10065.55726476
397	2018-02-01 00:00:00	10367.78412393	8820.0	10261.25665108	9199.57000007	57494536.756159	6084.61480431	9449.16623406
398	2018-02-02 00:00:00	9211.44851783	7966.88926862	9199.57000009	8872.00000009	100201900.72844	11578.56101524	8654.08927729
399	2018-02-03 00:00:00	9497.134812	8207.79288033	8890.977208	9216.41034089	51414495.727375	5697.60052073	9023.88567613
400	2018-02-04 00:00:00	9400.0	7900.05161	9215.56138953	8168.01000005	53690353.476276	6283.56156827	8544.57347046
401	2018-02-05 00:00:00	8369.99999998	6666.6666666	8195.26036052	6960.0	120383256.53706	16260.93212085	7403.21991644
402	2018-02-06 00:00:00	7921.69007689	6012.62120401	6957.00000001	7723.99999884	153123114.49307	22290.57450701	6869.41085546
403	2018-02-07 00:00:00	8640.0	7200.0	7719.43699777	7568.39928201	92900223.399824	11660.40709991	7967.15094111
404	2018-02-08 00:00:00	8700.09999999	7568.39928203	7584.00167162	8250.0	57792265.352506	6991.5492234	8266.01708804
405	2018-02-09 00:00:00	8744.99999999	7756.0	8254.28850196	8682.31340707	42846194.616737	5169.72917532	8287.89926197
406	2018-02-10 00:00:00	9069.99999984	8144.47445801	8682.31340707	8560.42138972	53070135.402707	6157.8192782	8618.33272544
407	2018-02-11 00:00:00	8560.42138972	7805.0	8544.23896512	8070.0	36772320.677687	4509.32045465	8154.73662772
408	2018-02-12 00:00:00	9000.0	8070.0	8070.0	8910.0	33126284.390374	3826.23588267	8657.66915741
409	2018-02-13 00:00:00	8943.49999999	8355.0	8889.00000164	8500.61835334	31293751.677267	3642.31316735	8591.72461
410	2018-02-14 00:00:00	9485.88887924	8500.6183543	8523.09999763	9469.99998292	37263750.946118	4108.85804018	9069.12591813
411	2018-02-15 00:00:00	10198.5	9319.84000301	9456.2142096	10004.0	51604899.336311	5275.10959608	9782.71605478
412	2018-02-16 00:00:00	10279.99999999	9674.52416058	10010.0	10161.00000514	30062234.361222	3011.99598281	9980.83481279
413	2018-02-17 00:00:00	11069.43999976	10045.0	10161.00000514	11049.0	41193022.43693	3857.71800657	10678.08024505
414	2018-02-18 00:00:00	11248.0	10080.0	11049.0	10379.00000001	51229772.144017	4812.39715935	10645.37494468
415	2018-02-19 00:00:00	11246.98765432	10289.99999911	10399.99999946	11155.99999985	33452377.076487	3077.15666606	10871.19724694
416	2018-02-20 00:00:00	11777.0	11080.99999997	11178.99999824	11217.16508497	51451610.460097	4494.83977842	11446.81746101
417	2018-02-21 00:00:00	11272.56700835	10224.30217055	11217.16508497	10441.06050012	66377090.386978	6189.48202244	10724.17532619
418	2018-02-22 00:00:00	10912.0	9722.22419156	10441.06050012	9845.53808217	56575837.76165	5590.31206937	10120.33622803
419	2018-02-23 00:00:00	10405.49959884	9559.9702306	9826.55515516	10149.24000003	44982531.925189	4499.46693758	9997.3024692
420	2018-02-24 00:00:00	10490.0	9360.00000009	10148.0	9700.0	41772803.848891	4245.8643374	9838.46880856
421	2018-02-25 00:00:00	9844.99999999	9247.71854949	9690.61347383	9559.19777954	24996319.767008	2618.50784237	9546.0167667
422	2018-02-26 00:00:00	10455.0	9358.52927553	9560.19775733	10338.04883746	37444837.677279	3754.49295542	9973.34077381
423	2018-02-27 00:00:00	10879.0	10121.0	10330.5116	10589.17434034	36852886.425201	3483.13849842	10580.36780389
424	2018-02-28 00:00:00	11074.0	10252.00000001	10588.1532	10322.06729641	33726412.58637	3174.71862066	10623.43363814
425	2018-03-01 00:00:00	11080.0	10201.12439999	10322.06729641	10936.78449799	27817545.131465	2598.6106121	10704.7762377
426	2018-03-02 00:00:00	11193.00000028	10777.00000001	10934.19799973	11022.24380591	25434092.038258	2313.33856956	10994.53939554
427	2018-03-03 00:00:00	11539.43999433	11014.2716	11014.2716	11441.00000065	23739477.586728	2093.93995257	11337.22939742
428	2018-03-04 00:00:00	11547.36779581	11075.48434259	11460.0	11500.60520003	17647922.485175	1566.56517948	11265.36113296
429	2018-03-05 00:00:00	11700.0	11417.0	11514.6079455	11434.99999889	24901651.745496	2155.96704769	11550.10776819
430	2018-03-06 00:00:00	11434.99999889	10558.97250033	11434.99999889	10734.02469622	37276267.358262	3394.38434617	10981.7461892
431	2018-03-07 00:00:00	10893.75963244	9424.0	10719.57445341	9909.60413712	57144246.840109	5661.37524084	10093.70416358
432	2018-03-08 00:00:00	10109.77083479	9070.00000001	9909.60413712	9281.94370128	43154941.918718	4504.28226734	9580.86979398
433	2018-03-09 00:00:00	9410.56138943	8359.32039962	9298.62936256	9230.48866747	56492671.164133	6392.80237338	8836.91812519
434	2018-03-10 00:00:00	9509.99999995	8680.0	9215.90764284	8760.7768	34485772.01441	3744.79984474	9208.97603188
435	2018-03-11 00:00:00	9726.22913411	8443.78491653	8768.99999999	9523.53110032	35047641.116825	3847.8265667	9108.4253693
436	2018-03-12 00:00:00	9900.00000191	8777.22362708	9530.0	9101.30580003	40200145.324384	4287.93175334	9375.18310385
437	2018-03-13 00:00:00	9478.99999999	8829.32583225	9127.58779987	9121.00715914	29690956.609377	3248.52521103	9139.82643833
438	2018-03-14 00:00:00	9350.0	7935.0	9125.999996	8187.99998872	48654884.610393	5693.12816797	8546.24789305
439	2018-03-15 00:00:00	8437.0	7648.0607857	8187.99998827	8259.8224	47669036.289991	5922.18003655	8049.23794882
440	2018-03-16 00:00:00	8589.58559982	7906.94368489	8250.0	8258.66373104	30293485.734963	3638.63290546	8325.513049
441	2018-03-17 00:00:00	8353.70899998	7723.14847086	8258.66373104	7850.0	32809486.258088	4102.08311628	7998.24999349
442	2018-03-18 00:00:00	8325.94657268	7321.0	7852.75469967	8200.0	49270227.628786	6427.03405196	7666.09095742
443	2018-03-19 00:00:00	8698.0	8100.99999999	8208.6373	8611.0	30867203.249579	3684.56586776	8377.43288013
444	2018-03-20 00:00:00	9039.68000007	8306.81315698	8609.4422	8886.88859654	31096079.368649	3577.53709533	8692.0354814
445	2018-03-21 00:00:00	9176.43934596	8759.87579422	8885.99999656	8905.70096672	26892421.625438	2994.77899801	8979.76833793
446	2018-03-22 00:00:00	9106.26756362	8480.11254304	8896.0	8712.00720381	25848434.005773	2967.13541664	8711.57880453
447	2018-03-23 00:00:00	8907.7	8270.0	8700.0	8907.7	23230776.098734	2737.51850322	8486.07089647
448	2018-03-24 00:00:00	9000.0	8510.0	8908.42081826	8533.31390908	20316440.529555	2300.09414271	8832.87346909
449	2018-03-25 00:00:00	8660.99248761	8330.0	8533.31390907	8454.81444718	17290811.19398	2034.67724751	8498.06091611
450	2018-03-26 00:00:00	8497.96079172	7840.0	8459.4316022	8116.52304613	26434106.321788	3251.75642316	8129.17786016
451	2018-03-27 00:00:00	8200.0	7739.0	8141.49178806	7782.71671273	21593823.746428	2716.31609758	7949.67263407
452	2018-03-28 00:00:00	8100.1	7731.0	7782.71671273	7943.58381606	13849708.705977	1748.46722293	7921.05709752
453	2018-03-29 00:00:00	7966.5132066	6900.1	7943.54212629	7080.40276816	34489532.902819	4677.82565665	7372.98382503
454	2018-03-30 00:00:00	7269.21615741	6590.53296207	7088.52145285	6837.72532501	35027751.490543	5087.42348433	6885.16527048
455	2018-03-31 00:00:00	7230.95559729	6790.000004	6845.0	6933.87920545	18957202.511776	2699.73747484	7021.8688626
456	2018-04-01 00:00:00	7043.14185553	6427.09999983	6920.00000001	6823.02040095	22954922.432952	3411.40302818	6728.88024174
457	2018-04-02 00:00:00	7131.61946349	6766.01585088	6809.83130039	7058.89414772	14808465.741363	2119.40689378	6987.08010473
458	2018-04-03 00:00:00	7505.45	7005.42709637	7047.40542744	7412.27033867	19811522.405184	2699.01522427	7340.2781233
459	2018-04-04 00:00:00	7414.66693777	6684.31650299	7406.14599941	6769.9450882	22349003.475062	3178.49206832	7031.32271362
460	2018-04-05 00:00:00	6910.00000001	6542.31393183	6777.91287792	6774.99999999	18492360.409472	2738.73480833	6752.1544449
461	2018-04-06 00:00:00	6847.59216377	6499.98299166	6775.0	6613.54563751	13065306.229829	1976.90460795	6608.97150893
462	2018-04-07 00:00:00	7062.79473838	6599.24631203	6614.99291873	6890.0	14149413.865074	2053.41542105	6890.67283708
463	2018-04-08 00:00:00	7115.54428517	6890.0	6890.00000001	7030.0	8340252.1463294	1190.82084126	7003.78416076
464	2018-04-09 00:00:00	7184.0	6618.07799362	7025.00000046	6761.53778457	15617695.07127	2267.3272213	6888.15223693
465	2018-04-10 00:00:00	6881.87332722	6658.71497418	6759.51995272	6834.0	7405417.2814759	1090.36913979	6791.66074243
466	2018-04-11 00:00:00	6979.11765561	6799.0	6835.6	6966.46006249	7697428.1286448	1116.27922067	6895.6117664
467	2018-04-12 00:00:00	8028.0	6750.0	6963.9	7929.99999855	34359542.262921	4567.16142515	7523.17228677
468	2018-04-13 00:00:00	8230.0	7735.89167312	7921.84468403	7875.0	30649592.704763	3822.42314383	8018.36728993
469	2018-04-14 00:00:00	8173.0008011	7822.30000001	7874.91258045	7995.99999982	12958802.284693	1619.11469147	8003.63454977
470	2018-04-15 00:00:00	8404.01784022	7997.5573637	7997.5573637	8356.0	17196145.752657	2086.87743606	8240.13210144
471	2018-04-16 00:00:00	8404.0	7870.0	8364.99999999	8060.0	17449234.947984	2162.83492681	8067.7608502
472	2018-04-17 00:00:00	8168.57040884	7830.98999999	8060.0	7891.1	12532418.654109	1564.20049971	8012.02828948
473	2018-04-18 00:00:00	8234.0	7873.93788908	7893.2	8164.19061751	14237112.456389	1760.86005676	8085.31740028
474	2018-04-19 00:00:00	8296.99999997	8103.87643262	8167.0	8286.99999791	11710389.14802	1425.94588046	8212.36577663
475	2018-04-20 00:00:00	8920.90530616	8216.00000001	8286.99999834	8860.0	22050729.04556	2593.64350525	8501.83496726
476	2018-04-21 00:00:00	9019.90000059	8583.08841264	8851.10000069	8931.99999846	23340304.852188	2657.07514747	8784.20953747
477	2018-04-22 00:00:00	9027.83932177	8732.0000003	8905.20399847	8791.99999909	11823357.130444	1329.17603859	8895.2529892
478	2018-04-23 00:00:00	8990.0	8756.93816833	8782.81550804	8934.97778259	9447143.885438	1061.77679778	8897.48570998
479	2018-04-24 00:00:00	9729.87993246	8915.23330792	8942.93334776	9633.63095161	25024653.314253	2680.71797761	9335.05632568
480	2018-04-25 00:00:00	9754.97802829	8770.10010001	9635.99999999	8860.0240739	38461430.043163	4185.7259806	9188.71187971
481	2018-04-26 00:00:00	9299.0	8652.58532314	8876.89999935	9286.0	21137393.154648	2378.23582635	8887.84573861
482	2018-04-27 00:00:00	9386.0	8920.00000004	9286.0	8920.01000009	18317132.706367	1990.54976734	9202.04709618
483	2018-04-28 00:00:00	9430.77714092	8881.05894107	8920.00000001	9330.76125733	12877750.857104	1392.22287568	9249.77680086
484	2018-04-29 00:00:00	9580.0	9168.08572389	9358.16229919	9423.79999636	13342531.648018	1425.39953828	9360.55561244
485	2018-04-30 00:00:00	9454.0	9101.0	9423.79999636	9218.79293079	8793026.5439363	948.45068395	9270.93700572
