	date	high	low	open	close	volume	quoteVolume	weightedAverage
0	2017-12-31 23:00:00	13769.34198361	13769.34198361	13769.34198361	13769.34198361	0.0	0.0	13769.34198361
1	2018-01-01 00:00:00	13891.99999996	12800.0	13799.99999984	13351.7394064	78833063.078719	5912.52921643	13333.22173861
2	2018-01-02 00:00:00	15325.0	12875.0	13400.71449717	14738.00000001	109224074.69754	7753.17758932	14087.65289318
3	2018-01-03 00:00:00	15440.725015	14476.14012492	14731.20000023	15150.0	106036383.51469	7101.1727295	14932.23549881
4	2018-01-04 00:00:00	15400.00000004	14083.91135919	15150.0	15167.62803252	111185470.03039	7524.94662601	14775.58254646
5	2018-01-05 00:00:00	17108.0	14772.4649684	15167.62803252	16924.0	127071935.80705	7958.88951768	15966.03841839
6	2018-01-06 00:00:00	17257.08719135	16200.0	16923.99999996	17158.72758957	76125226.327979	4558.21866125	16700.65259815
7	2018-01-07 00:00:00	17177.44769997	15683.8615253	17158.7275	16174.43357169	72935547.105704	4446.03797208	16404.61632665
8	2018-01-08 00:00:00	16277.49999996	13268.188	16170.7066618	14922.81071439	132386233.27782	8907.41666752	14862.47227667
9	2018-01-09 00:00:00	15427.83421139	14110.83932393	14915.08478054	14388.06253537	79106643.468573	5357.28747428	14766.17483163
10	2018-01-10 00:00:00	15000.00000006	13270.0	14388.06253538	14854.0	109754014.55468	7789.71218601	14089.61100665
11	2018-01-11 00:00:00	14931.00000004	12593.46211929	14854.0	13291.67567771	131799939.74552	9749.88036612	13518.1084071
12	2018-01-12 00:00:00	14119.63214537	12600.0	13255.00000168	13812.52734302	67634697.851652	4975.26036115	13594.20270339
13	2018-01-13 00:00:00	14591.36669224	13758.0	13812.52734302	14204.99999789	46584640.495383	3279.73638344	14203.77586765
14	2018-01-14 00:00:00	14449.0273932	12853.99999974	14178.00000001	13560.0	65638686.272321	4888.93165869	13425.97746394
15	2018-01-15 00:00:00	14300.0	13304.02596262	13560.0	13580.0	53535285.42452	3879.73220791	13798.7063425
16	2018-01-16 00:00:00	13589.88232828	10000.0	13580.0	11102.69798098	198203240.6128	17107.23414848	11585.93136052
17	2018-01-17 00:00:00	11800.0	9150.28999997	11041.42197477	11036.11532467	170671826.8403	16353.78705619	10436.22656048
18	2018-01-18 00:00:00	11900.0	10400.0	11088.99122314	11010.00009	119824231.84062	10593.30128156	11311.32105618
19	2018-01-19 00:00:00	11750.0	10641.0	11010.00009	11410.53924928	60647072.418535	5388.71278391	11254.46370042
20	2018-01-20 00:00:00	13400.0	11406.70000101	11412.12	12750.17487957	83448831.482163	6700.67008107	12453.80394386
21	2018-01-21 00:00:00	12750.17487364	10950.0	12748.89985765	11510.0	77777897.885063	6608.21412018	11769.8816156
22	2018-01-22 00:00:00	11896.06346557	9947.99999998	11510.0	10767.0	92371635.394113	8553.41629321	10799.38497409
23	2018-01-23 00:00:00	11400.0	9880.00000009	10767.0	10807.7699848	72381369.277563	6772.20269239	10688.0098788
24	2018-01-24 00:00:00	11516.79592154	10350.0	10829.99999963	11388.8	53417007.865987	4837.5844867	11042.08267842
25	2018-01-25 00:00:00	11722.64501562	10890.0	11388.7838514	11170.46487644	43995430.318203	3908.71120917	11255.73826354
26	2018-01-26 00:00:00	11635.62260994	10293.1857382	11167.46487651	11079.309822	68040992.544272	6268.16691429	10855.00649147
27	2018-01-27 00:00:00	11650.0	10824.81809367	11079.309822	11480.56138879	44932560.260247	3971.22192802	11314.54274645
28	2018-01-28 00:00:00	12200.0	11425.0	11480.56138955	11849.99989962	48878713.473869	4119.40187491	11865.48799027
29	2018-01-29 00:00:00	12000.0	11100.0	11849.99989962	11227.0	35761454.807131	3123.57790019	11448.8756003
30	2018-01-30 00:00:00	11271.32887049	9850.0	11235.46599465	10181.53934991	67375546.228963	6439.28051289	10463.2103065
31	2018-01-31 00:00:00	10424.62688464	9700.46388593	10184.66464945	10261.25665107	42316889.544944	4204.12784229	10065.55726476
32	2018-02-01 00:00:00	10367.78412393	8820.0	10261.25665108	9199.57000007	57494536.756159	6084.61480431	9449.16623406
33	2018-02-02 00:00:00	9211.44851783	7966.88926862	9199.57000009	8872.00000009	100201900.72844	11578.56101524	8654.08927729
34	2018-02-03 00:00:00	9497.134812	8207.79288033	8890.977208	9216.41034089	51414495.727375	5697.60052073	9023.88567613
35	2018-02-04 00:00:00	9400.0	7900.05161	9215.56138953	8168.01000005	53690353.476276	6283.56156827	8544.57347046
36	2018-02-05 00:00:00	8369.99999998	6666.6666666	8195.26036052	6960.0	120383256.53706	16260.93212085	7403.21991644
37	2018-02-06 00:00:00	7921.69007689	6012.62120401	6957.00000001	7723.99999884	153123114.49307	22290.57450701	6869.41085546
38	2018-02-07 00:00:00	8640.0	7200.0	7719.43699777	7568.39928201	92900223.399824	11660.40709991	7967.15094111
39	2018-02-08 00:00:00	8700.09999999	7568.39928203	7584.00167162	8250.0	57792265.352506	6991.5492234	8266.01708804
40	2018-02-09 00:00:00	8744.99999999	7756.0	8254.28850196	8682.31340707	42846194.616737	5169.72917532	8287.89926197
41	2018-02-10 00:00:00	9069.99999984	8144.47445801	8682.31340707	8560.42138972	53070135.402707	6157.8192782	8618.33272544
42	2018-02-11 00:00:00	8560.42138972	7805.0	8544.23896512	8070.0	36772320.677687	4509.32045465	8154.73662772
43	2018-02-12 00:00:00	9000.0	8070.0	8070.0	8910.0	33126284.390374	3826.23588267	8657.66915741
44	2018-02-13 00:00:00	8943.49999999	8355.0	8889.00000164	8500.61835334	31293751.677267	3642.31316735	8591.72461
45	2018-02-14 00:00:00	9485.88887924	8500.6183543	8523.09999763	9469.99998292	37263750.946118	4108.85804018	9069.12591813
46	2018-02-15 00:00:00	10198.5	9319.84000301	9456.2142096	10004.0	51604899.336311	5275.10959608	9782.71605478
47	2018-02-16 00:00:00	10279.99999999	9674.52416058	10010.0	10161.00000514	30062234.361222	3011.99598281	9980.83481279
48	2018-02-17 00:00:00	11069.43999976	10045.0	10161.00000514	11049.0	41193022.43693	3857.71800657	10678.08024505
49	2018-02-18 00:00:00	11248.0	10080.0	11049.0	10379.00000001	51229772.144017	4812.39715935	10645.37494468
50	2018-02-19 00:00:00	11246.98765432	10289.99999911	10399.99999946	11155.99999985	33452377.076487	3077.15666606	10871.19724694
51	2018-02-20 00:00:00	11777.0	11080.99999997	11178.99999824	11217.16508497	51451610.460097	4494.83977842	11446.81746101
52	2018-02-21 00:00:00	11272.56700835	10224.30217055	11217.16508497	10441.06050012	66377090.386978	6189.48202244	10724.17532619
53	2018-02-22 00:00:00	10912.0	9722.22419156	10441.06050012	9845.53808217	56575837.76165	5590.31206937	10120.33622803
54	2018-02-23 00:00:00	10405.49959884	9559.9702306	9826.55515516	10149.24000003	44982531.925189	4499.46693758	9997.3024692
55	2018-02-24 00:00:00	10490.0	9360.00000009	10148.0	9700.0	41772803.848891	4245.8643374	9838.46880856
56	2018-02-25 00:00:00	9844.99999999	9247.71854949	9690.61347383	9559.19777954	24996319.767008	2618.50784237	9546.0167667
57	2018-02-26 00:00:00	10455.0	9358.52927553	9560.19775733	10338.04883746	37444837.677279	3754.49295542	9973.34077381
58	2018-02-27 00:00:00	10879.0	10121.0	10330.5116	10589.17434034	36852886.425201	3483.13849842	10580.36780389
59	2018-02-28 00:00:00	11074.0	10252.00000001	10588.1532	10322.06729641	33726412.58637	3174.71862066	10623.43363814
60	2018-03-01 00:00:00	11080.0	10201.12439999	10322.06729641	10936.78449799	27817545.131465	2598.6106121	10704.7762377
61	2018-03-02 00:00:00	11193.00000028	10777.00000001	10934.19799973	11022.24380591	25434092.038258	2313.33856956	10994.53939554
62	2018-03-03 00:00:00	11539.43999433	11014.2716	11014.2716	11441.00000065	23739477.586728	2093.93995257	11337.22939742
63	2018-03-04 00:00:00	11547.36779581	11075.48434259	11460.0	11500.60520003	17647922.485175	1566.56517948	11265.36113296
64	2018-03-05 00:00:00	11700.0	11417.0	11514.6079455	11434.99999889	24901651.745496	2155.96704769	11550.10776819
65	2018-03-06 00:00:00	11434.99999889	10558.97250033	11434.99999889	10734.02469622	37276267.358262	3394.38434617	10981.7461892
66	2018-03-07 00:00:00	10893.75963244	9424.0	10719.57445341	9909.60413712	57144246.840109	5661.37524084	10093.70416358
67	2018-03-08 00:00:00	10109.77083479	9070.00000001	9909.60413712	9281.94370128	43154941.918718	4504.28226734	9580.86979398
68	2018-03-09 00:00:00	9410.56138943	8359.32039962	9298.62936256	9230.48866747	56492671.164133	6392.80237338	8836.91812519
69	2018-03-10 00:00:00	9509.99999995	8680.0	9215.90764284	8760.7768	34485772.01441	3744.79984474	9208.97603188
70	2018-03-11 00:00:00	9726.22913411	8443.78491653	8768.99999999	9523.53110032	35047641.116825	3847.8265667	9108.4253693
71	2018-03-12 00:00:00	9900.00000191	8777.22362708	9530.0	9101.30580003	40200145.324384	4287.93175334	9375.18310385
72	2018-03-13 00:00:00	9478.99999999	8829.32583225	9127.58779987	9121.00715914	29690956.609377	3248.52521103	9139.82643833
73	2018-03-14 00:00:00	9350.0	7935.0	9125.999996	8187.99998872	48654884.610393	5693.12816797	8546.24789305
74	2018-03-15 00:00:00	8437.0	7648.0607857	8187.99998827	8259.8224	47669036.289991	5922.18003655	8049.23794882
75	2018-03-16 00:00:00	8589.58559982	7906.94368489	8250.0	8258.66373104	30293485.734963	3638.63290546	8325.513049
76	2018-03-17 00:00:00	8353.70899998	7723.14847086	8258.66373104	7850.0	32809486.258088	4102.08311628	7998.24999349
77	2018-03-18 00:00:00	8325.94657268	7321.0	7852.75469967	8200.0	49270227.628786	6427.03405196	7666.09095742
78	2018-03-19 00:00:00	8698.0	8100.99999999	8208.6373	8611.0	30867203.249579	3684.56586776	8377.43288013
79	2018-03-20 00:00:00	9039.68000007	8306.81315698	8609.4422	8886.88859654	31096079.368649	3577.53709533	8692.0354814
80	2018-03-21 00:00:00	9176.43934596	8759.87579422	8885.99999656	8905.70096672	26892421.625438	2994.77899801	8979.76833793
81	2018-03-22 00:00:00	9106.26756362	8480.11254304	8896.0	8712.00720381	25848434.005773	2967.13541664	8711.57880453
82	2018-03-23 00:00:00	8907.7	8270.0	8700.0	8907.7	23230776.098734	2737.51850322	8486.07089647
83	2018-03-24 00:00:00	9000.0	8510.0	8908.42081826	8533.31390908	20316440.529555	2300.09414271	8832.87346909
84	2018-03-25 00:00:00	8660.99248761	8330.0	8533.31390907	8454.81444718	17290811.19398	2034.67724751	8498.06091611
85	2018-03-26 00:00:00	8497.96079172	7840.0	8459.4316022	8116.52304613	26434106.321788	3251.75642316	8129.17786016
86	2018-03-27 00:00:00	8200.0	7739.0	8141.49178806	7782.71671273	21593823.746428	2716.31609758	7949.67263407
87	2018-03-28 00:00:00	8100.1	7731.0	7782.71671273	7943.58381606	13849708.705977	1748.46722293	7921.05709752
88	2018-03-29 00:00:00	7966.5132066	6900.1	7943.54212629	7080.40276816	34489532.902819	4677.82565665	7372.98382503
89	2018-03-30 00:00:00	7269.21615741	6590.53296207	7088.52145285	6837.72532501	35027751.490543	5087.42348433	6885.16527048
90	2018-03-31 00:00:00	7230.95559729	6790.000004	6845.0	6933.87920545	18957202.511776	2699.73747484	7021.8688626
91	2018-04-01 00:00:00	7043.14185553	6427.09999983	6920.00000001	6823.02040095	22954922.432952	3411.40302818	6728.88024174
92	2018-04-02 00:00:00	7131.61946349	6766.01585088	6809.83130039	7058.89414772	14808465.741363	2119.40689378	6987.08010473
93	2018-04-03 00:00:00	7505.45	7005.42709637	7047.40542744	7412.27033867	19811522.405184	2699.01522427	7340.2781233
94	2018-04-04 00:00:00	7414.66693777	6684.31650299	7406.14599941	6769.9450882	22349003.475062	3178.49206832	7031.32271362
95	2018-04-05 00:00:00	6910.00000001	6542.31393183	6777.91287792	6774.99999999	18492360.409472	2738.73480833	6752.1544449
96	2018-04-06 00:00:00	6847.59216377	6499.98299166	6775.0	6613.54563751	13065306.229829	1976.90460795	6608.97150893
97	2018-04-07 00:00:00	7062.79473838	6599.24631203	6614.99291873	6890.0	14149413.865074	2053.41542105	6890.67283708
98	2018-04-08 00:00:00	7115.54428517	6890.0	6890.00000001	7030.0	8340252.1463294	1190.82084126	7003.78416076
99	2018-04-09 00:00:00	7184.0	6618.07799362	7025.00000046	6761.53778457	15617695.07127	2267.3272213	6888.15223693
100	2018-04-10 00:00:00	6881.87332722	6658.71497418	6759.51995272	6834.0	7405417.2814759	1090.36913979	6791.66074243
101	2018-04-11 00:00:00	6979.11765561	6799.0	6835.6	6966.46006249	7697428.1286448	1116.27922067	6895.6117664
102	2018-04-12 00:00:00	8028.0	6750.0	6963.9	7929.99999855	34359542.262921	4567.16142515	7523.17228677
103	2018-04-13 00:00:00	8230.0	7735.89167312	7921.84468403	7875.0	30649592.704763	3822.42314383	8018.36728993
104	2018-04-14 00:00:00	8173.0008011	7822.30000001	7874.91258045	7995.99999982	12958802.284693	1619.11469147	8003.63454977
105	2018-04-15 00:00:00	8404.01784022	7997.5573637	7997.5573637	8356.0	17196145.752657	2086.87743606	8240.13210144
106	2018-04-16 00:00:00	8404.0	7870.0	8364.99999999	8060.0	17449234.947984	2162.83492681	8067.7608502
107	2018-04-17 00:00:00	8168.57040884	7830.98999999	8060.0	7891.1	12532418.654109	1564.20049971	8012.02828948
108	2018-04-18 00:00:00	8234.0	7873.93788908	7893.2	8164.19061751	14237112.456389	1760.86005676	8085.31740028
109	2018-04-19 00:00:00	8296.99999997	8103.87643262	8167.0	8286.99999791	11710389.14802	1425.94588046	8212.36577663
110	2018-04-20 00:00:00	8920.90530616	8216.00000001	8286.99999834	8860.0	22050729.04556	2593.64350525	8501.83496726
111	2018-04-21 00:00:00	9019.90000059	8583.08841264	8851.10000069	8931.99999846	23340304.852188	2657.07514747	8784.20953747
112	2018-04-22 00:00:00	9027.83932177	8732.0000003	8905.20399847	8791.99999909	11823357.130444	1329.17603859	8895.2529892
113	2018-04-23 00:00:00	8990.0	8756.93816833	8782.81550804	8934.97778259	9447143.885438	1061.77679778	8897.48570998
114	2018-04-24 00:00:00	9729.87993246	8915.23330792	8942.93334776	9633.63095161	25024653.314253	2680.71797761	9335.05632568
115	2018-04-25 00:00:00	9754.97802829	8770.10010001	9635.99999999	8860.0240739	38461430.043163	4185.7259806	9188.71187971
116	2018-04-26 00:00:00	9299.0	8652.58532314	8876.89999935	9286.0	21137393.154648	2378.23582635	8887.84573861
117	2018-04-27 00:00:00	9386.0	8920.00000004	9286.0	8920.01000009	18317132.706367	1990.54976734	9202.04709618
118	2018-04-28 00:00:00	9430.77714092	8881.05894107	8920.00000001	9330.76125733	12877750.857104	1392.22287568	9249.77680086
119	2018-04-29 00:00:00	9580.0	9168.08572389	9358.16229919	9423.79999636	13342531.648018	1425.39953828	9360.55561244
120	2018-04-30 00:00:00	9454.0	9101.0	9423.79999636	9218.79293079	8793026.5439363	948.45068395	9270.93700572
