	date	high	low	open	close	volume	quoteVolume	weightedAverage
0	2017-12-31 23:00:00	13769.34198361	13769.34198361	13769.34198361	13769.34198361	0.0	0.0	13769.34198361
1	2018-01-01 00:00:00	13891.99999996	12800.0	13799.99999984	13351.7394064	78833063.078719	5912.52921643	13333.22173861
2	2018-01-02 00:00:00	15325.0	12875.0	13400.71449717	14738.00000001	109224074.69754	7753.17758932	14087.65289318
3	2018-01-03 00:00:00	15440.725015	14476.14012492	14731.20000023	15150.0	106036383.51469	7101.1727295	14932.23549881
4	2018-01-04 00:00:00	15400.00000004	14083.91135919	15150.0	15167.62803252	111185470.03039	7524.94662601	14775.58254646
5	2018-01-05 00:00:00	17108.0	14772.4649684	15167.62803252	16924.0	127071935.80705	7958.88951768	15966.03841839
6	2018-01-06 00:00:00	17257.08719135	16200.0	16923.99999996	17158.72758957	76125226.327979	4558.21866125	16700.65259815
7	2018-01-07 00:00:00	17177.44769997	15683.8615253	17158.7275	16174.43357169	72935547.105704	4446.03797208	16404.61632665
8	2018-01-08 00:00:00	16277.49999996	13268.188	16170.7066618	14922.81071439	132386233.27782	8907.41666752	14862.47227667
9	2018-01-09 00:00:00	15427.83421139	14110.83932393	14915.08478054	14388.06253537	79106643.468573	5357.28747428	14766.17483163
10	2018-01-10 00:00:00	15000.00000006	13270.0	14388.06253538	14854.0	109754014.55468	7789.71218601	14089.61100665
11	2018-01-11 00:00:00	14931.00000004	12593.46211929	14854.0	13291.67567771	131799939.74552	9749.88036612	13518.1084071
12	2018-01-12 00:00:00	14119.63214537	12600.0	13255.00000168	13812.52734302	67634697.851652	4975.26036115	13594.20270339
13	2018-01-13 00:00:00	14591.36669224	13758.0	13812.52734302	14204.99999789	46584640.495383	3279.73638344	14203.77586765
14	2018-01-14 00:00:00	14449.0273932	12853.99999974	14178.00000001	13560.0	65638686.272321	4888.93165869	13425.97746394
15	2018-01-15 00:00:00	14300.0	13304.02596262	13560.0	13580.0	53535285.42452	3879.73220791	13798.7063425
16	2018-01-16 00:00:00	13589.88232828	10000.0	13580.0	11102.69798098	198203240.6128	17107.23414848	11585.93136052
17	2018-01-17 00:00:00	11800.0	9150.28999997	11041.42197477	11036.11532467	170671826.8403	16353.78705619	10436.22656048
18	2018-01-18 00:00:00	11900.0	10400.0	11088.99122314	11010.00009	119824231.84062	10593.30128156	11311.32105618
19	2018-01-19 00:00:00	11750.0	10641.0	11010.00009	11410.53924928	60647072.418535	5388.71278391	11254.46370042
20	2018-01-20 00:00:00	13400.0	11406.70000101	11412.12	12750.17487957	83448831.482163	6700.67008107	12453.80394386
21	2018-01-21 00:00:00	12750.17487364	10950.0	12748.89985765	11510.0	77777897.885063	6608.21412018	11769.8816156
22	2018-01-22 00:00:00	11896.06346557	9947.99999998	11510.0	10767.0	92371635.394113	8553.41629321	10799.38497409
23	2018-01-23 00:00:00	11400.0	9880.00000009	10767.0	10807.7699848	72381369.277563	6772.20269239	10688.0098788
24	2018-01-24 00:00:00	11516.79592154	10350.0	10829.99999963	11388.8	53417007.865987	4837.5844867	11042.08267842
25	2018-01-25 00:00:00	11722.64501562	10890.0	11388.7838514	11170.46487644	43995430.318203	3908.71120917	11255.73826354
26	2018-01-26 00:00:00	11635.62260994	10293.1857382	11167.46487651	11079.309822	68040992.544272	6268.16691429	10855.00649147
27	2018-01-27 00:00:00	11650.0	10824.81809367	11079.309822	11480.56138879	44932560.260247	3971.22192802	11314.54274645
28	2018-01-28 00:00:00	12200.0	11425.0	11480.56138955	11849.99989962	48878713.473869	4119.40187491	11865.48799027
29	2018-01-29 00:00:00	12000.0	11100.0	11849.99989962	11227.0	35761454.807131	3123.57790019	11448.8756003
30	2018-01-30 00:00:00	11271.32887049	9850.0	11235.46599465	10181.53934991	67375546.228963	6439.28051289	10463.2103065
31	2018-01-31 00:00:00	10424.62688464	9700.46388593	10184.66464945	10261.25665107	42316889.544944	4204.12784229	10065.55726476
32	2018-02-01 00:00:00	10367.78412393	8820.0	10261.25665108	9199.57000007	57494536.756159	6084.61480431	9449.16623406
33	2018-02-02 00:00:00	9211.44851783	7966.88926862	9199.57000009	8872.00000009	100201900.72844	11578.56101524	8654.08927729
34	2018-02-03 00:00:00	9497.134812	8207.79288033	8890.977208	9216.41034089	51414495.727375	5697.60052073	9023.88567613
35	2018-02-04 00:00:00	9400.0	7900.05161	9215.56138953	8168.01000005	53690353.476276	6283.56156827	8544.57347046
36	2018-02-05 00:00:00	8369.99999998	6666.6666666	8195.26036052	6960.0	120383256.53706	16260.93212085	7403.21991644
37	2018-02-06 00:00:00	7921.69007689	6012.62120401	6957.00000001	7723.99999884	153123114.49307	22290.57450701	6869.41085546
38	2018-02-07 00:00:00	8640.0	7200.0	7719.43699777	7568.39928201	92900223.399824	11660.40709991	7967.15094111
39	2018-02-08 00:00:00	8700.09999999	7568.39928203	7584.00167162	8250.0	57792265.352506	6991.5492234	8266.01708804
40	2018-02-09 00:00:00	8744.99999999	7756.0	8254.28850196	8682.31340707	42846194.616737	5169.72917532	8287.89926197
41	2018-02-10 00:00:00	9069.99999984	8144.47445801	8682.31340707	8560.42138972	53070135.402707	6157.8192782	8618.33272544
42	2018-02-11 00:00:00	8560.42138972	7805.0	8544.23896512	8070.0	36772320.677687	4509.32045465	8154.73662772
43	2018-02-12 00:00:00	9000.0	8070.0	8070.0	8910.0	33126284.390374	3826.23588267	8657.66915741
44	2018-02-13 00:00:00	8943.49999999	8355.0	8889.00000164	8500.61835334	31293751.677267	3642.31316735	8591.72461
45	2018-02-14 00:00:00	9485.88887924	8500.6183543	8523.09999763	9469.99998292	37263750.946118	4108.85804018	9069.12591813
46	2018-02-15 00:00:00	10198.5	9319.84000301	9456.2142096	10004.0	51604899.336311	5275.10959608	9782.71605478
47	2018-02-16 00:00:00	10279.99999999	9674.52416058	10010.0	10161.00000514	30062234.361222	3011.99598281	9980.83481279
48	2018-02-17 00:00:00	11069.43999976	10045.0	10161.00000514	11049.0	41193022.43693	3857.71800657	10678.08024505
49	2018-02-18 00:00:00	11248.0	10080.0	11049.0	10379.00000001	51229772.144017	4812.39715935	10645.37494468
50	2018-02-19 00:00:00	11246.98765432	10289.99999911	10399.99999946	11155.99999985	33452377.076487	3077.15666606	10871.19724694
51	2018-02-20 00:00:00	11777.0	11080.99999997	11178.99999824	11217.16508497	51451610.460097	4494.83977842	11446.81746101
52	2018-02-21 00:00:00	11272.56700835	10224.30217055	11217.16508497	10441.06050012	66377090.386978	6189.48202244	10724.17532619
53	2018-02-22 00:00:00	10912.0	9722.22419156	10441.06050012	9845.53808217	56575837.76165	5590.31206937	10120.33622803
54	2018-02-23 00:00:00	10405.49959884	9559.9702306	9826.55515516	10149.24000003	44982531.925189	4499.46693758	9997.3024692
55	2018-02-24 00:00:00	10490.0	9360.00000009	10148.0	9700.0	41772803.848891	4245.8643374	9838.46880856
56	2018-02-25 00:00:00	9844.99999999	9247.71854949	9690.61347383	9559.19777954	24996319.767008	2618.50784237	9546.0167667
57	2018-02-26 00:00:00	10455.0	9358.52927553	9560.19775733	10338.04883746	37444837.677279	3754.49295542	9973.34077381
58	2018-02-27 00:00:00	10879.0	10121.0	10330.5116	10589.17434034	36852886.425201	3483.13849842	10580.36780389
59	2018-02-28 00:00:00	11074.0	10252.00000001	10588.1532	10322.06729641	33726412.58637	3174.71862066	10623.43363814
60	2018-03-01 00:00:00	11080.0	10201.12439999	10322.06729641	10936.78449799	27817545.131465	2598.6106121	10704.7762377
61	2018-03-02 00:00:00	11193.00000028	10777.00000001	10934.19799973	11022.24380591	25434092.038258	2313.33856956	10994.53939554
62	2018-03-03 00:00:00	11539.43999433	11014.2716	11014.2716	11441.00000065	23739477.586728	2093.93995257	11337.22939742
63	2018-03-04 00:00:00	11547.36779581	11075.48434259	11460.0	11500.60520003	17647922.485175	1566.56517948	11265.36113296
64	2018-03-05 00:00:00	11700.0	11417.0	11514.6079455	11434.99999889	24901651.745496	2155.96704769	11550.10776819
65	2018-03-06 00:00:00	11434.99999889	10558.97250033	11434.99999889	10734.02469622	37276267.358262	3394.38434617	10981.7461892
66	2018-03-07 00:00:00	10893.75963244	9424.0	10719.57445341	9909.60413712	57144246.840109	5661.37524084	10093.70416358
67	2018-03-08 00:00:00	10109.77083479	9070.00000001	9909.60413712	9281.94370128	43154941.918718	4504.28226734	9580.86979398
68	2018-03-09 00:00:00	9410.56138943	8359.32039962	9298.62936256	9230.48866747	56492671.164133	6392.80237338	8836.91812519
69	2018-03-10 00:00:00	9509.99999995	8680.0	9215.90764284	8760.7768	34485772.01441	3744.79984474	9208.97603188
70	2018-03-11 00:00:00	9726.22913411	8443.78491653	8768.99999999	9523.53110032	35047641.116825	3847.8265667	9108.4253693
71	2018-03-12 00:00:00	9900.00000191	8777.22362708	9530.0	9101.30580003	40200145.324384	4287.93175334	9375.18310385
72	2018-03-13 00:00:00	9478.99999999	8829.32583225	9127.58779987	9121.00715914	29690956.609377	3248.52521103	9139.82643833
73	2018-03-14 00:00:00	9350.0	7935.0	9125.999996	8187.99998872	48654884.610393	5693.12816797	8546.24789305
74	2018-03-15 00:00:00	8437.0	7648.0607857	8187.99998827	8259.8224	47669036.289991	5922.18003655	8049.23794882
75	2018-03-16 00:00:00	8589.58559982	7906.94368489	8250.0	8258.66373104	30293485.734963	3638.63290546	8325.513049
76	2018-03-17 00:00:00	8353.70899998	7723.14847086	8258.66373104	7850.0	32809486.258088	4102.08311628	7998.24999349
77	2018-03-18 00:00:00	8325.94657268	7321.0	7852.75469967	8200.0	49270227.628786	6427.03405196	7666.09095742
78	2018-03-19 00:00:00	8698.0	8100.99999999	8208.6373	8611.0	30867203.249579	3684.56586776	8377.43288013
79	2018-03-20 00:00:00	9039.68000007	8306.81315698	8609.4422	8886.88859654	31096079.368649	3577.53709533	8692.0354814
80	2018-03-21 00:00:00	9176.43934596	8759.87579422	8885.99999656	8905.70096672	26892421.625438	2994.77899801	8979.76833793
81	2018-03-22 00:00:00	9106.26756362	8480.11254304	8896.0	8712.00720381	25848434.005773	2967.13541664	8711.57880453
82	2018-03-23 00:00:00	8907.7	8270.0	8700.0	8907.7	23230776.098734	2737.51850322	8486.07089647
83	2018-03-24 00:00:00	9000.0	8510.0	8908.42081826	8533.31390908	20316440.529555	2300.09414271	8832.87346909
84	2018-03-25 00:00:00	8660.99248761	8330.0	8533.31390907	8454.81444718	17290811.19398	2034.67724751	8498.06091611
85	2018-03-26 00:00:00	8497.96079172	7840.0	8459.4316022	8116.52304613	26434106.321788	3251.75642316	8129.17786016
86	2018-03-27 00:00:00	8200.0	7739.0	8141.49178806	7782.71671273	21593823.746428	2716.31609758	7949.67263407
87	2018-03-28 00:00:00	8100.1	7731.0	7782.71671273	7943.58381606	13849708.705977	1748.46722293	7921.05709752
88	2018-03-29 00:00:00	7966.5132066	6900.1	7943.54212629	7080.40276816	34489532.902819	4677.82565665	7372.98382503
89	2018-03-30 00:00:00	7269.21615741	6590.53296207	7088.52145285	6837.72532501	35027751.490543	5087.42348433	6885.16527048
90	2018-03-31 00:00:00	7230.95559729	6790.000004	6845.0	6933.87920545	18957202.511776	2699.73747484	7021.8688626
91	2018-04-01 00:00:00	7043.14185553	6427.09999983	6920.00000001	6823.02040095	22954922.432952	3411.40302818	6728.88024174
92	2018-04-02 00:00:00	7131.61946349	6766.01585088	6809.83130039	7058.89414772	14808465.741363	2119.40689378	6987.08010473
93	2018-04-03 00:00:00	7505.45	7005.42709637	7047.40542744	7412.27033867	19811522.405184	2699.01522427	7340.2781233
94	2018-04-04 00:00:00	7414.66693777	6684.31650299	7406.14599941	6769.9450882	22349003.475062	3178.49206832	7031.32271362
95	2018-04-05 00:00:00	6910.00000001	6542.31393183	6777.91287792	6774.99999999	18492360.409472	2738.73480833	6752.1544449
96	2018-04-06 00:00:00	6847.59216377	6499.98299166	6775.0	6613.54563751	13065306.229829	1976.90460795	6608.97150893
97	2018-04-07 00:00:00	7062.79473838	6599.24631203	6614.99291873	6890.0	14149413.865074	2053.41542105	6890.67283708
98	2018-04-08 00:00:00	7115.54428517	6890.0	6890.00000001	7030.0	8340252.1463294	1190.82084126	7003.78416076
99	2018-04-09 00:00:00	7184.0	6618.07799362	7025.00000046	6761.53778457	15617695.07127	2267.3272213	6888.15223693
100	2018-04-10 00:00:00	6881.87332722	6658.71497418	6759.51995272	6834.0	7405417.2814759	1090.36913979	6791.66074243
101	2018-04-11 00:00:00	6979.11765561	6799.0	6835.6	6966.46006249	7697428.1286448	1116.27922067	6895.6117664
102	2018-04-12 00:00:00	8028.0	6750.0	6963.9	7929.99999855	34359542.262921	4567.16142515	7523.17228677
103	2018-04-13 00:00:00	8230.0	7735.89167312	7921.84468403	7875.0	30649592.704763	3822.42314383	8018.36728993
104	2018-04-14 00:00:00	8173.0008011	7822.30000001	7874.91258045	7995.99999982	12958802.284693	1619.11469147	8003.63454977
105	2018-04-15 00:00:00	8404.01784022	7997.5573637	7997.5573637	8356.0	17196145.752657	2086.87743606	8240.13210144
106	2018-04-16 00:00:00	8404.0	7870.0	8364.99999999	8060.0	17449234.947984	2162.83492681	8067.7608502
107	2018-04-17 00:00:00	8168.57040884	7830.98999999	8060.0	7891.1	12532418.654109	1564.20049971	8012.02828948
108	2018-04-18 00:00:00	8234.0	7873.93788908	7893.2	8164.19061751	14237112.456389	1760.86005676	8085.31740028
109	2018-04-19 00:00:00	8296.99999997	8103.87643262	8167.0	8286.99999791	11710389.14802	1425.94588046	8212.36577663
110	2018-04-20 00:00:00	8920.90530616	8216.00000001	8286.99999834	8860.0	22050729.04556	2593.64350525	8501.83496726
111	2018-04-21 00:00:00	9019.90000059	8583.08841264	8851.10000069	8931.99999846	23340304.852188	2657.07514747	8784.20953747
112	2018-04-22 00:00:00	9027.83932177	8732.0000003	8905.20399847	8791.99999909	11823357.130444	1329.17603859	8895.2529892
113	2018-04-23 00:00:00	8990.0	8756.93816833	8782.81550804	8934.97778259	9447143.885438	1061.77679778	8897.48570998
114	2018-04-24 00:00:00	9729.87993246	8915.23330792	8942.93334776	9633.63095161	25024653.314253	2680.71797761	9335.05632568
115	2018-04-25 00:00:00	9754.97802829	8770.10010001	9635.99999999	8860.0240739	38461430.043163	4185.7259806	9188.71187971
116	2018-04-26 00:00:00	9299.0	8652.58532314	8876.89999935	9286.0	21137393.154648	2378.23582635	8887.84573861
117	2018-04-27 00:00:00	9386.0	8920.00000004	9286.0	8920.01000009	18317132.706367	1990.54976734	9202.04709618
118	2018-04-28 00:00:00	9430.77714092	8881.05894107	8920.00000001	9330.76125733	12877750.857104	1392.22287568	9249.77680086
119	2018-04-29 00:00:00	9580.0	9168.08572389	9358.16229919	9423.79999636	13342531.648018	1425.39953828	9360.55561244
120	2018-04-30 00:00:00	9454.0	9101.0	9423.79999636	9218.79293079	8793026.5439363	948.45068395	9270.93700572
121	2018-05-01 00:00:00	9235.38	8823.0	9235.38	9070.97331262	13794052.732076	1534.88265332	8987.04060681
122	2018-05-02 00:00:00	9279.99999996	8967.2763848	9081.58477857	9245.0	9004373.5264052	987.54927015	9117.89801134
123	2018-05-03 00:00:00	9822.51833374	9160.0	9245.0	9746.08286219	17811110.32278	1880.07036238	9473.64028452
124	2018-05-04 00:00:00	9820.0	9537.0	9756.0	9719.99999895	11970925.831359	1237.90525996	9670.30855959
125	2018-05-05 00:00:00	9994.48298795	9690.19107228	9716.34555274	9878.36795403	13562083.072954	1374.46302582	9867.18654353
126	2018-05-06 00:00:00	9975.0	9478.0	9880.0	9669.9999996	12617211.610339	1306.01149755	9660.87330318
127	2018-05-07 00:00:00	9689.889576	9180.00000002	9670.0	9390.0	16105813.498988	1722.22352059	9351.75562662
128	2018-05-08 00:00:00	9474.0	9056.20692385	9389.99999978	9201.0	14209452.262851	1537.74101765	9240.47163973
129	2018-05-09 00:00:00	9376.0	8970.9	9200.99999971	9300.40000001	11797110.837484	1283.37655987	9192.24427683
130	2018-05-10 00:00:00	9402.37950456	8995.0	9317.60720751	9020.0	9465746.7510457	1028.10559088	9206.97916149
131	2018-05-11 00:00:00	9026.92553121	8355.0	9020.0	8385.23146603	20738578.682844	2382.67340787	8703.91158701
132	2018-05-12 00:00:00	8636.48351648	8152.1	8409.99999971	8471.75248934	13929983.993335	1661.53606963	8383.79873175
133	2018-05-13 00:00:00	8750.0	8311.00388856	8443.91022179	8701.6132838	6799864.567417	792.78338572	8577.2036724
134	2018-05-14 00:00:00	8882.0	8275.00000001	8673.43452866	8671.0	12112713.584169	1413.12017065	8571.60900802
135	2018-05-15 00:00:00	8866.86022463	8420.0	8650.00000566	8449.74000183	8419455.2390586	979.01887203	8599.89064521
136	2018-05-16 00:00:00	8484.70466449	8079.000001	8462.67000131	8336.80381573	11940054.191281	1444.15778714	8267.83215629
137	2018-05-17 00:00:00	8471.74999999	7989.0	8341.95055587	8050.0	7648369.7757188	929.42654109	8229.12778749
138	2018-05-18 00:00:00	8265.0	7920.0	8053.273328	8240.0	7234919.8032129	892.9624489	8102.15458905
139	2018-05-19 00:00:00	8390.0	8135.0	8244.0	8219.5	4771375.8352467	577.41002635	8263.41008556
140	2018-05-20 00:00:00	8585.0	8156.85537637	8226.79361551	8525.00000001	6782042.8189281	805.62638566	8418.34743703
141	2018-05-21 00:00:00	8580.0	8309.88	8529.14120759	8381.24277848	6062085.5409272	717.90349393	8444.15104841
142	2018-05-22 00:00:00	8400.0	7955.0	8390.0	7985.23121618	9584532.9095799	1169.04450506	8198.60396083
143	2018-05-23 00:00:00	8033.00182348	7430.0	7986.23121619	7508.99999979	19243976.453546	2497.60562867	7704.97000513
144	2018-05-24 00:00:00	7720.56403461	7260.0	7499.64723025	7575.00000126	13827894.745935	1843.36557195	7501.43919163
145	2018-05-25 00:00:00	7647.56598436	7337.4983627	7575.69842051	7450.00000188	7905172.2701063	1059.66460819	7460.07010992
146	2018-05-26 00:00:00	7617.26184739	7299.00000001	7460.15	7331.75686948	5997112.5626232	801.25240347	7484.67341458
147	2018-05-27 00:00:00	7395.0	7222.1	7331.75686948	7347.47616732	5261553.0523294	720.85700719	7299.02463297
148	2018-05-28 00:00:00	7450.0	7059.19	7352.05866919	7100.0	9233362.6492644	1279.43503878	7216.74986958
149	2018-05-29 00:00:00	7531.00388855	7055.0	7110.27109751	7456.49341186	11622755.884149	1585.01313013	7332.90826631
150	2018-05-30 00:00:00	7556.23433461	7272.20810307	7463.6089913	7381.00000001	7474637.8126876	1007.12877308	7421.72998377
151	2018-05-31 00:00:00	7599.0	7337.2958179	7384.17186741	7489.99999999	7785406.0073348	1035.90023874	7515.59437499
152	2018-06-01 00:00:00	7600.0	7350.84342703	7489.99999999	7529.99999984	4902505.5607615	656.53829809	7467.20423625
153	2018-06-02 00:00:00	7710.0	7446.97004431	7529.99999985	7644.22813214	6206080.919582	814.59346462	7618.62350869
154	2018-06-03 00:00:00	7771.9651282	7596.15218141	7644.1249646	7710.0	6761318.7827418	878.34655475	7697.78027383
155	2018-06-04 00:00:00	7757.55	7448.39307872	7710.0	7487.93552169	9352222.765236	1238.18679722	7553.15981904
156	2018-06-05 00:00:00	7658.22046665	7360.01	7498.18208824	7622.73002569	7160775.840949	954.59387764	7501.38462929
157	2018-06-06 00:00:00	7689.24681964	7487.37927988	7627.99999949	7650.00000217	5039711.6621179	663.41137019	7596.66157164
158	2018-06-07 00:00:00	7750.0	7635.0	7655.0	7694.09351679	4276410.1097994	555.35999568	7700.24874507
159	2018-06-08 00:00:00	7701.18704458	7545.0	7685.70818855	7610.62165072	3186170.1512712	418.51881118	7612.96760422
160	2018-06-09 00:00:00	7682.86154523	7466.3	7615.35332351	7490.0	2839641.6000634	372.65128418	7620.10415799
161	2018-06-10 00:00:00	7498.76022096	6650.0	7490.10000015	6763.91319959	15931634.96422	2281.16823245	6983.98072425
162	2018-06-11 00:00:00	6955.68849993	6622.12873599	6765.49999999	6874.596078	9301862.6777257	1374.04591776	6769.68837612
163	2018-06-12 00:00:00	6883.89999914	6434.29893281	6874.5960782	6540.00000001	8876482.4049226	1331.43295303	6666.86398644
164	2018-06-13 00:00:00	6614.80741578	6123.77679339	6540.0	6292.30084274	15956497.066475	2510.56524084	6355.73886187
165	2018-06-14 00:00:00	6703.09894302	6260.53925299	6299.23959935	6626.9286401	11338006.950267	1748.71232487	6483.63186386
166	2018-06-15 00:00:00	6655.80953363	6363.10000082	6626.96239158	6376.15122659	4453023.1227525	684.08686459	6509.44105676
167	2018-06-16 00:00:00	6557.93095203	6330.0	6374.45125813	6483.83962365	4296299.72215	667.06825117	6440.5699336
168	2018-06-17 00:00:00	6577.0	6428.41135718	6485.0	6442.0	2122722.472826	326.71054619	6497.2572743
169	2018-06-18 00:00:00	6799.0	6382.07754452	6444.0	6714.48541476	5951226.5306125	902.73869411	6592.41325251
170	2018-06-19 00:00:00	6833.0	6660.00000001	6715.0	6746.0	4505434.430291	669.19519346	6732.61624459
171	2018-06-20 00:00:00	6807.06370614	6556.63650014	6746.2	6753.0	3724220.6476888	558.00986656	6674.1125397
172	2018-06-21 00:00:00	6789.78706472	6676.1	6759.67999948	6712.63276587	2713250.0965438	403.34190514	6726.92339171
173	2018-06-22 00:00:00	6730.02540511	5888.88	6719.47637959	6041.6665	21259174.748666	3435.74180712	6187.65202455
174	2018-06-23 00:00:00	6250.0	6006.10000001	6041.69798095	6164.34251788	4788665.8231423	782.39311825	6120.53673714
175	2018-06-24 00:00:00	6241.45949872	5760.0	6154.55052255	6151.81429999	14338863.113712	2419.30164393	5926.86040192
176	2018-06-25 00:00:00	6339.0	6065.0	6140.00000867	6240.00000166	6561441.0479429	1055.43460721	6216.81438444
177	2018-06-26 00:00:00	6264.02000026	6021.75327797	6246.89999979	6078.39999986	3910752.0256011	633.84921771	6169.84594495
178	2018-06-27 00:00:00	6185.0639698	6001.3	6078.89999921	6137.87057885	7357602.1956644	1211.09385424	6075.17094559
179	2018-06-28 00:00:00	6165.28461488	5781.55130152	6137.87057885	5872.99999926	5956196.0827863	995.22591949	5984.76784631
180	2018-06-29 00:00:00	6300.0	5800.0	5866.24997922	6197.50000071	11344774.017679	1907.17130902	5948.48190302
181	2018-06-30 00:00:00	6514.60037248	6183.33534474	6199.99999978	6390.5236881	8010440.2100846	1254.88350955	6383.41339982
182	2018-07-01 00:00:00	6500.0	6262.0	6399.4592826	6348.80000001	4052190.7026685	636.34641739	6367.90055216
183	2018-07-02 00:00:00	6795.8308	6275.0	6362.66333749	6614.23108202	9550138.5143586	1451.12707304	6581.18692138
184	2018-07-03 00:00:00	6674.9293	6470.0	6615.0	6497.65940927	6198369.1096407	941.91629563	6580.59440992
185	2018-07-04 00:00:00	6781.09999999	6410.89	6511.0	6585.60313941	6234600.9332713	945.4389895	6594.397949
186	2018-07-05 00:00:00	6697.97359292	6461.18461459	6583.2	6532.21538558	8076724.7856507	1226.31612051	6586.16864817
187	2018-07-06 00:00:00	6635.5	6441.51030018	6536.39429217	6605.0	4221722.5515858	644.67123021	6548.64426044
188	2018-07-07 00:00:00	6800.000001	6516.71	6613.0	6760.0	3875908.5847144	585.20662627	6623.14541689
189	2018-07-08 00:00:00	6782.0	6680.0	6760.0	6703.51638138	3801523.1776766	563.69507269	6743.9354393
190	2018-07-09 00:00:00	6800.122952	6630.0	6703.5	6654.50000001	4637908.5540731	691.3443278	6708.53635095
191	2018-07-10 00:00:00	6682.2281419	6260.00000004	6659.95530488	6298.0	7289756.0363088	1129.84911761	6451.97303134
192	2018-07-11 00:00:00	6406.06879997	6285.00106009	6304.02325863	6374.00000397	2878962.3033615	453.41030679	6349.57401772
193	2018-07-12 00:00:00	6377.0	5999.0	6377.0	6245.0	7600660.6691654	1230.35922841	6177.59471677
194	2018-07-13 00:00:00	6349.0	6123.00000001	6245.65547191	6218.64153614	4697950.9982241	753.56490598	6234.3017316
195	2018-07-14 00:00:00	6317.10572651	6178.206	6221.45599921	6253.61666487	3026352.6963247	484.82957173	6242.09592976
196	2018-07-15 00:00:00	6387.83960165	6235.09605744	6251.53947838	6343.13643	3711992.6771214	585.15607968	6343.59413842
197	2018-07-16 00:00:00	6744.98365423	6335.00000359	6350.16910676	6735.0	7529274.8367352	1148.02037309	6558.48538338
198	2018-07-17 00:00:00	7450.06703767	6661.09423324	6719.59975922	7320.51202306	19957081.728342	2792.41339503	7146.89370988
199	2018-07-18 00:00:00	7589.6158	7232.00000002	7320.5120232	7372.78	14560219.990659	1961.46281179	7423.14353509
200	2018-07-19 00:00:00	7564.99999999	7272.72113756	7376.04590835	7475.18836125	7417323.7658908	1001.07677059	7409.34560045
201	2018-07-20 00:00:00	7689.6158	7286.42714559	7480.8367389	7340.57785179	11562127.477698	1557.42429795	7423.87767605
202	2018-07-21 00:00:00	7450.0	7220.0	7340.57785188	7411.41060024	5209452.0157898	709.91569083	7338.12772851
203	2018-07-22 00:00:00	7579.96287255	7359.5	7399.89329578	7405.0	5882855.4037268	790.32968665	7443.54603287
204	2018-07-23 00:00:00	7800.0	7380.0	7402.66279778	7720.0	7196172.2366053	935.74597399	7690.30531429
205	2018-07-24 00:00:00	8480.00000001	7700.0	7719.99999999	8410.0	16411414.545027	2018.61021767	8130.0562146
206	2018-07-25 00:00:00	8483.406	8055.32130921	8410.09309769	8173.03501117	12994442.793978	1576.09666253	8244.69913737
207	2018-07-26 00:00:00	8314.94	7850.50000048	8174.98401119	7938.00204999	10739872.401859	1327.64620757	8089.40841364
208	2018-07-27 00:00:00	8280.0	7801.995264	7938.00204999	8185.4764035	10536639.041297	1311.01613127	8037.00182627
209	2018-07-28 00:00:00	8234.46501281	8075.0	8199.95557941	8218.0	7048688.88539	862.59514647	8171.49147457
210	2018-07-29 00:00:00	8297.99999998	8125.62313	8218.0	8221.15112094	3698921.0513855	449.60361692	8227.07138506
211	2018-07-30 00:00:00	8264.0	7863.9999995	8223.00993812	8178.05451886	8844876.672858	1094.78907681	8079.0691652
212	2018-07-31 00:00:00	8178.05451886	7643.00000001	8178.05451886	7731.55172042	12331578.698452	1575.23601512	7828.40068414
213	2018-08-01 00:00:00	7752.40186539	7440.00000001	7733.55387023	7616.01739137	10837740.586977	1433.33708282	7561.19458352
214	2018-08-02 00:00:00	7699.38887939	7464.6937052	7604.99203941	7536.86137497	6425286.3739446	848.02934569	7576.72645009
215	2018-08-03 00:00:00	7533.9999994	7290.0	7533.9999994	7411.21513438	11275198.867729	1523.87923022	7399.01079044
216	2018-08-04 00:00:00	7489.99999999	6939.96894754	7411.21513438	7005.0	9226190.047259	1289.8550708	7152.88892226
217	2018-08-05 00:00:00	7084.0	6899.0	7005.0	7034.20000001	4431720.4074659	634.2690391	6987.13027795
218	2018-08-06 00:00:00	7149.0	6850.0	7020.01513133	6928.5	5755826.9227061	825.53607721	6972.22941746
219	2018-08-07 00:00:00	7150.46150139	6663.47410509	6938.75121385	6712.0	9018760.8319387	1301.60057224	6928.97731015
220	2018-08-08 00:00:00	6722.15692553	6124.0	6722.15692553	6278.64307702	15041359.034925	2342.84877672	6420.11519667
221	2018-08-09 00:00:00	6615.89544153	6184.29063412	6280.67370878	6526.3435	8185726.2153254	1272.22227114	6434.19503102
222	2018-08-10 00:00:00	6568.00000059	6017.1712832	6534.98999998	6147.0	9048838.6813281	1440.88372241	6280.06170143
223	2018-08-11 00:00:00	6479.27935498	6011.0	6147.0	6220.0	11838236.333939	1920.8164839	6163.12720822
224	2018-08-12 00:00:00	6469.0	6158.99999999	6220.2475963	6310.79273054	5945092.3038946	942.77416492	6305.95589602
225	2018-08-13 00:00:00	6530.0	6151.0	6310.99999751	6247.99951731	7378997.5901052	1170.18635929	6305.8311452
226	2018-08-14 00:00:00	6247.15589592	5755.0	6246.22906202	6189.72523945	16773201.978627	2789.21200889	6013.59879606
227	2018-08-15 00:00:00	6650.0	6176.69636165	6190.83856624	6265.65991614	12135793.835497	1896.93963881	6397.5645757
228	2018-08-16 00:00:00	6472.43620644	6210.00000001	6275.84255265	6312.89651855	8716171.045482	1375.05858755	6338.76339844
229	2018-08-17 00:00:00	6580.0	6286.1254482	6312.89651887	6579.0	7911496.9364828	1221.02161708	6479.40775643
230	2018-08-18 00:00:00	6619.88375235	6300.75370135	6579.0	6388.0	6235435.0822141	970.3499971	6425.96496197
231	2018-08-19 00:00:00	6544.22339997	6306.21067385	6388.0	6487.46551362	5142768.2729369	800.67846044	6423.01314076
232	2018-08-20 00:00:00	6521.57330046	6222.50117648	6480.62482263	6250.0	6499111.7946707	1020.04557075	6371.393574
233	2018-08-21 00:00:00	6490.0	6248.0	6250.1	6468.94324001	4288196.902821	671.15774538	6389.25339436
234	2018-08-22 00:00:00	6894.59709394	6255.60855945	6479.13228986	6354.76760181	14297907.619845	2172.95858866	6579.92641666
235	2018-08-23 00:00:00	6567.21624341	6344.41097009	6354.76760182	6530.61679861	3817505.5576789	592.45962623	6443.48642281
236	2018-08-24 00:00:00	6718.0	6458.00247604	6525.836537	6685.5221834	4998490.5109563	759.90734702	6577.76310567
237	2018-08-25 00:00:00	6789.0	6665.0	6693.30687869	6726.09110293	3486018.4579402	519.28501314	6713.11200926
238	2018-08-26 00:00:00	6778.39567784	6571.29781001	6726.25829319	6713.15160008	4767849.845302	715.03995965	6667.94880615
239	2018-08-27 00:00:00	6935.81519294	6650.0	6711.7249996	6905.0	3967505.1764849	585.97426312	6770.78401935
240	2018-08-28 00:00:00	7125.2884	6863.0	6899.94648226	7076.19119035	7739541.4591951	1103.57616493	7013.14662743
241	2018-08-29 00:00:00	7123.00003973	6899.9	7076.30737	7032.11521635	5185638.3387394	738.18491363	7024.85006533
242	2018-08-30 00:00:00	7059.01888	6805.54366445	7040.3	6992.11499978	6820688.1664363	987.17600192	6909.29292564
243	2018-08-31 00:00:00	7090.0	6887.9150175	6984.6111043	7026.53245	5835158.3307751	833.13113403	7003.8894148
244	2018-09-01 00:00:00	7275.0	7013.87034594	7019.16858241	7202.0	8207003.3956277	1147.90106421	7149.57381913
245	2018-09-02 00:00:00	7338.0	7130.8720297	7201.66	7299.99999999	7885339.4268228	1087.33774476	7251.96882461
246	2018-09-03 00:00:00	7335.0	7196.07706309	7300.0	7267.45	4761188.7841162	655.44826722	7264.01917928
247	2018-09-04 00:00:00	7409.75926505	7246.40614416	7267.44999903	7359.08511489	4671679.1770379	636.0422325	7344.91978414
248	2018-09-05 00:00:00	7395.893925	6680.0	7359.08511332	6700.00000001	13686813.591495	1951.00439185	7015.26539287
249	2018-09-06 00:00:00	6725.70621878	6300.0	6700.41491795	6510.00000005	11377818.542885	1766.22580357	6441.88218736
250	2018-09-07 00:00:00	6550.0	6320.0	6511.50999985	6388.73890713	5680268.7102325	881.43886861	6444.31385149
251	2018-09-08 00:00:00	6474.1	6121.4578745	6397.88266733	6181.8813584	5167866.4086024	826.44958524	6253.09335366
252	2018-09-09 00:00:00	6448.58975983	6147.0	6180.55599492	6247.78526753	3828041.6937824	605.31078923	6324.09294843
253	2018-09-10 00:00:00	6360.18486353	6231.0	6240.0	6312.83369544	3558526.4659393	565.54730661	6292.18179336
254	2018-09-11 00:00:00	6397.45613999	6162.34000005	6315.0	6291.15296	5055767.9607088	804.30805026	6285.8601988
255	2018-09-12 00:00:00	6350.0	6197.00000002	6291.05295	6338.40716479	4899249.0784907	781.49603468	6269.06453913
256	2018-09-13 00:00:00	6523.32440495	6333.42326464	6333.42326464	6488.37579999	4710302.4095983	729.52419825	6456.67740823
257	2018-09-14 00:00:00	6580.81401315	6382.7915	6483.87504268	6484.07812637	5278846.8328034	813.6535684	6487.83098583
258	2018-09-15 00:00:00	6567.5156795	6474.352125	6478.6382	6516.58184441	2464325.4178532	378.18386149	6516.20988834
259	2018-09-16 00:00:00	6519.60810804	6375.0	6518.27163	6500.08120626	3547222.9144335	549.00812785	6461.1482681
260	2018-09-17 00:00:00	6530.0	6206.76043284	6500.08120627	6253.27600298	5990226.821944	944.23519789	6343.99865132
261	2018-09-18 00:00:00	6385.38555938	6226.48009191	6253.27600297	6336.19450791	5591492.3964428	886.21873925	6309.38181376
262	2018-09-19 00:00:00	6523.1804	6120.10000001	6333.58189646	6383.93693339	8714438.7295818	1378.20392345	6323.04014036
263	2018-09-20 00:00:00	6550.0	6333.90000001	6389.46819001	6492.03633727	4488578.236178	697.36767163	6436.45872726
264	2018-09-21 00:00:00	6786.12134509	6492.0	6492.03633727	6757.43406554	11037158.959702	1650.3769754	6687.65931918
265	2018-09-22 00:00:00	6832.39	6628.7939	6757.43406554	6730.99999804	5541774.7999802	825.33113444	6714.60771165
266	2018-09-23 00:00:00	6785.99999964	6661.00000001	6728.8	6711.950582	3772212.3730017	561.60393901	6716.85526218
267	2018-09-24 00:00:00	6729.76999789	6560.0	6700.80135001	6590.24225756	4950955.4500344	746.64241394	6630.95928867
268	2018-09-25 00:00:00	6587.69911094	6334.35826089	6585.67972447	6440.89	5603555.0335731	872.12412743	6425.18061056
269	2018-09-26 00:00:00	6556.0	6384.23702625	6443.27272316	6465.05487499	5567948.1389751	859.64145099	6477.05869995
270	2018-09-27 00:00:00	6739.49466574	6432.40000001	6468.39999837	6692.51876894	5649212.2225134	857.48919446	6588.08560972
271	2018-09-28 00:00:00	6800.0	6540.67000001	6692.51876891	6641.01010618	5178066.1491546	775.78255142	6674.63600422
272	2018-09-29 00:00:00	6640.48566538	6478.42879199	6640.48566538	6597.36970001	4018772.8452861	612.8009818	6558.03917526
273	2018-09-30 00:00:00	6666.6	6537.31343531	6597.36970001	6620.0	2992962.0128897	452.9082779	6608.31819362
274	2018-10-01 00:00:00	6666.7600838	6511.11000004	6631.35417381	6607.8	2988404.1697499	453.29574955	6592.61458488
275	2018-10-02 00:00:00	6629.99999999	6480.24797347	6609.70183894	6541.60056855	3892076.277264	593.92177106	6553.18000941
276	2018-10-03 00:00:00	6544.2836499	6425.0	6526.0	6503.93358207	3820455.0365681	588.87226735	6487.74827478
277	2018-10-04 00:00:00	6642.0	6503.95019086	6503.98340849	6600.60957597	5269427.5023677	799.04174058	6594.68365012
278	2018-10-05 00:00:00	6688.0	6551.76969135	6600.54835858	6642.91127625	2637211.751115	398.29150505	6621.31056695
279	2018-10-06 00:00:00	6647.58648203	6570.0	6636.89191879	6600.17905775	1825159.2479422	276.31870289	6605.26858606
280	2018-10-07 00:00:00	6638.96101123	6540.0	6599.5026927	6607.93889473	2025975.8407758	307.9432889	6579.0550202
281	2018-10-08 00:00:00	6715.99999997	6589.84105	6607.93889477	6674.06372622	2521343.9419952	378.84575018	6655.3312022
282	2018-10-09 00:00:00	6678.99998652	6610.0	6674.06372622	6654.91816418	1587725.5549679	238.70905803	6651.29998865
283	2018-10-10 00:00:00	6655.99999826	6500.0	6655.99999826	6630.2	3018851.9125007	458.86955762	6578.88905979
284	2018-10-11 00:00:00	6632.77637331	6202.3498311	6630.2	6250.28449	12222069.77029	1927.56505129	6340.67823657
285	2018-10-12 00:00:00	6350.0	6200.0	6253.0	6304.11076323	3243873.7921597	515.45764316	6293.19175921
286	2018-10-13 00:00:00	6336.43583209	6285.92233482	6294.06620016	6329.231245	1430111.3171272	226.25032401	6320.92494622
287	2018-10-14 00:00:00	6420.0	6311.98852599	6329.231245	6342.37193126	2725994.0665527	428.34305009	6364.04411366
288	2018-10-15 00:00:00	7648.33502239	6304.48465801	6337.4564202	6750.0	37844318.124111	5460.79214415	6930.18835456
289	2018-10-16 00:00:00	6890.32467676	6679.45404329	6747.60668885	6758.7549257	2893533.0384809	427.461995	6769.10011258
290	2018-10-17 00:00:00	6800.5391658	6684.5807986	6758.73892192	6739.75026251	1727250.4244056	256.18446814	6742.21367495
291	2018-10-18 00:00:00	6791.15596619	6580.0	6739.75026248	6610.0	2517831.5444433	377.01959177	6678.2512087
292	2018-10-19 00:00:00	6638.31804138	6525.75	6619.55094417	6528.13706268	1553039.7071474	236.19542505	6575.2319581
293	2018-10-20 00:00:00	6613.28308511	6510.0	6531.29741432	6592.93784549	1325161.5040669	201.46515563	6577.62132574
294	2018-10-21 00:00:00	6662.38149866	6575.36450002	6592.92093047	6592.24579599	1029697.7823557	155.37071049	6627.36096853
295	2018-10-22 00:00:00	6640.54836161	6549.62948001	6594.66053628	6581.55485034	1485753.5569979	225.62694672	6585.00050014
296	2018-10-23 00:00:00	6597.0	6530.0	6582.16769502	6556.15443792	1650846.0234749	251.51118658	6563.70814325
297	2018-10-24 00:00:00	6625.0	6548.07977001	6551.80772919	6561.47398184	1317944.3044574	199.8835222	6593.56153999
298	2018-10-25 00:00:00	6576.2783367	6506.10595837	6563.75259352	6539.0	750342.0656838	114.62989654	6545.7798387
299	2018-10-26 00:00:00	6595.04900005	6520.10000083	6539.0	6540.0	1106336.7215816	169.03381377	6545.06158801
300	2018-10-27 00:00:00	6557.98249403	6477.29618857	6540.0	6502.28201824	724338.28726298	111.19441049	6514.16095531
301	2018-10-28 00:00:00	6515.58002325	6467.40549998	6501.53429002	6495.0	888593.30963122	136.80589743	6495.28511799
302	2018-10-29 00:00:00	6503.96723077	6318.57108864	6495.00006496	6350.0	2084712.8723112	326.03334244	6394.17078237
303	2018-10-30 00:00:00	6380.0	6323.58516072	6349.455315	6332.23599571	593278.18716539	93.37576946	6353.66316761
304	2018-10-31 00:00:00	6421.59824999	6250.07626637	6333.25433285	6376.30189951	1377917.6522721	217.37574988	6338.87475043
305	2018-11-01 00:00:00	6430.0	6356.42839	6376.28554827	6405.26712993	696430.0289699	109.0876089	6384.13506348
306	2018-11-02 00:00:00	6449.2	6390.76992952	6405.26713006	6435.40757191	954955.84774361	148.49842643	6430.74725235
307	2018-11-03 00:00:00	6441.24987459	6345.9	6430.44472404	6387.09989981	781339.29483524	122.44615406	6381.08481914
308	2018-11-04 00:00:00	6515.56367209	6358.44586552	6387.09989979	6482.0	2361498.6340289	366.45516449	6444.16797158
309	2018-11-05 00:00:00	6496.15623104	6439.0	6482.0	6471.38864399	1230627.8951311	190.36392986	6464.60648315
310	2018-11-06 00:00:00	6525.00000001	6448.70530675	6471.38864399	6518.77235989	2687951.8889141	414.45820056	6485.45953556
311	2018-11-07 00:00:00	6608.0	6509.12359	6513.1656	6575.4	1745121.9053138	265.4741796	6573.60315772
312	2018-11-08 00:00:00	6589.0	6473.96296915	6578.9999	6480.22842163	2384555.9602134	365.76755951	6519.32053079
313	2018-11-09 00:00:00	6511.38445298	6392.01544092	6483.58925939	6419.70000001	2124415.0909283	329.60606926	6445.31545094
314	2018-11-10 00:00:00	6474.74250605	6416.00000001	6419.3	6437.42298	2884597.930985	448.17538302	6436.31497907
315	2018-11-11 00:00:00	6460.5	6353.76860126	6432.02431838	6457.30298	2022952.8674429	316.35258172	6394.61469365
316	2018-11-12 00:00:00	6480.90335	6427.0098	6459.33219	6453.58	1320865.9111793	204.62715439	6454.98841596
317	2018-11-13 00:00:00	6504.81076564	6379.66180194	6453.591	6467.65706315	3432986.5931722	532.12840605	6451.42517133
318	2018-11-14 00:00:00	6481.36881471	5665.0	6467.65706315	5909.42707641	19398512.08333	3239.57030964	5987.98921746
319	2018-11-15 00:00:00	5945.60624768	5400.0	5910.37249966	5744.79776	14998551.312715	2651.25235078	5657.15719527
320	2018-11-16 00:00:00	5779.42627999	5551.00388855	5748.46816015	5648.68822567	3839538.2818582	678.72899517	5656.95337783
321	2018-11-17 00:00:00	5672.49281239	5563.25670001	5643.94586002	5630.39056249	2529395.4620325	450.73674111	5611.69132962
322	2018-11-18 00:00:00	5757.91030889	5620.99540992	5630.68778852	5659.3351292	2748639.9210461	485.2043959	5664.91141521
323	2018-11-19 00:00:00	5659.3351292	4860.45701574	5659.3351292	4925.54668795	19778947.449241	3804.52735515	5198.79228163
324	2018-11-20 00:00:00	5056.32269999	4300.0	4927.0738	4570.35025856	29393322.360015	6317.57286561	4652.62894236
325	2018-11-21 00:00:00	4774.99999999	4412.56952074	4557.26480001	4667.0	8664145.1023399	1885.41380325	4595.35465763
326	2018-11-22 00:00:00	4720.0	4347.34576452	4667.00000001	4360.13965852	5078947.0101103	1114.22721783	4558.26866265
327	2018-11-23 00:00:00	4484.32948178	4235.0	4354.13216012	4421.00000004	8571041.9285032	1965.8670959	4359.92949186
328	2018-11-24 00:00:00	4528.42235406	3823.33985537	4422.49773526	3933.17637901	12326277.469671	3005.34497219	4101.45177466
329	2018-11-25 00:00:00	4229.0	3640.0	3933.17637901	4100.93836057	18307725.453518	4693.8297913	3900.38119563
330	2018-11-26 00:00:00	4211.18528693	3700.40067402	4084.72511472	3850.22094541	12079997.865765	3065.56940016	3940.53968086
331	2018-11-27 00:00:00	3941.40930272	3682.09139999	3864.69136605	3880.05070957	8150372.5376178	2132.9240269	3821.22027546
332	2018-11-28 00:00:00	4389.37055539	3878.3952076	3878.3952076	4268.44236868	13780732.225607	3313.23639965	4159.29639885
333	2018-11-29 00:00:00	4452.75642059	4128.76443259	4267.10917617	4291.08389476	7475093.3777801	1753.29240036	4263.46077599
334	2018-11-30 00:00:00	4342.95999999	3950.0	4291.08389476	4040.8635	7888408.4170293	1920.95300089	4106.50776639
335	2018-12-01 00:00:00	4294.87759993	3965.0	4049.98999999	4193.0608	4921711.8180276	1183.8752801	4157.28911715
336	2018-12-02 00:00:00	4311.32044493	4105.00000001	4206.8	4162.64871322	5970465.2046581	1426.21153044	4186.2410149
337	2018-12-03 00:00:00	4174.4414658	3825.79805	4162.90571	3890.35150953	6132439.4412809	1544.68061834	3970.03715102
338	2018-12-04 00:00:00	4079.0	3772.63523101	3890.35150953	3955.57428988	4297560.6521986	1094.25355939	3927.39015132
339	2018-12-05 00:00:00	3971.07320999	3745.0	3955.50428	3769.80974367	5735792.454921	1486.1510229	3859.4950086
340	2018-12-06 00:00:00	3887.96529994	3498.76887275	3766.01548	3508.71528995	9334593.6482292	2521.57185516	3701.89476422
341	2018-12-07 00:00:00	3530.0	3227.02	3502.32689393	3401.58695244	13099981.261778	3856.74677679	3396.64023072
342	2018-12-08 00:00:00	3494.37943613	3280.76414009	3401.27624507	3409.25100337	6296903.8532465	1858.39742803	3388.35157554
343	2018-12-09 00:00:00	3655.93707439	3396.37583288	3407.0319	3549.01083	5570751.3957489	1580.35407929	3525.00206678
344	2018-12-10 00:00:00	3609.99999999	3382.60550002	3549.01083	3441.26999997	4965296.997101	1430.0770449	3472.04859682
345	2018-12-11 00:00:00	3459.26619998	3320.9599	3438.25148	3380.0	3776573.0289237	1114.09070053	3389.82546674
346	2018-12-12 00:00:00	3487.75565403	3358.06050001	3380.70937	3445.92009044	3584453.7527409	1047.45595147	3422.0567917
347	2018-12-13 00:00:00	3456.42971488	3252.11	3450.37282016	3301.05664	3905307.2936186	1161.18234677	3363.21621189
348	2018-12-14 00:00:00	3339.98	3180.0	3301.05663999	3221.65719735	3774998.7561483	1163.59672673	3244.25006484
349	2018-12-15 00:00:00	3263.9	3157.76630959	3221.3268	3216.14473831	2893065.788931	902.03793031	3207.25514052
350	2018-12-16 00:00:00	3292.52816974	3208.19211841	3212.08935712	3223.74476605	1734324.8063632	533.52167541	3250.71105129
351	2018-12-17 00:00:00	3590.0	3221.0	3225.03477996	3505.39827	5685566.511365	1653.4027048	3438.70642938
352	2018-12-18 00:00:00	3676.1169	3438.99757592	3507.22476	3650.80698101	4866016.2367245	1375.28146117	3538.196634
353	2018-12-19 00:00:00	3918.05665828	3625.40268977	3652.26730381	3667.66418872	10910574.363316	2912.82325245	3745.70422497
354	2018-12-20 00:00:00	4118.0	3642.61780001	3664.4652	4050.65495005	10582884.997572	2673.04897057	3959.10629176
355	2018-12-21 00:00:00	4145.28045897	3766.65025975	4050.0	3836.54005694	7036138.3359101	1783.37725534	3945.40096036
356	2018-12-22 00:00:00	3974.26390019	3788.73501031	3838.87314884	3948.86444059	5252760.2154044	1362.97581849	3853.89098188
357	2018-12-23 00:00:00	4020.0	3875.9544	3948.86444098	3929.1	4109962.3808988	1038.88136662	3956.1421669
358	2018-12-24 00:00:00	4200.0	3929.88782482	3929.88782482	4010.26812838	9043260.6640051	2208.81376356	4094.17073236
359	2018-12-25 00:00:00	4021.32094026	3650.9	4010.26812838	3740.67841508	6002744.2913257	1602.20307893	3746.55645733
360	2018-12-26 00:00:00	3838.99999999	3654.98767951	3740.99041045	3779.9112	3776287.1839663	1009.08270001	3742.29702276
361	2018-12-27 00:00:00	3818.04322075	3535.0	3780.10669	3565.27114442	4238918.4870399	1152.78306352	3677.11724883
362	2018-12-28 00:00:00	3890.00000011	3543.31272861	3565.27114442	3840.41160444	5459147.4617643	1458.65254765	3742.59618615
363	2018-12-29 00:00:00	3889.09999998	3672.11	3833.35694006	3691.74981487	4275755.9252693	1121.50753752	3812.50752422
364	2018-12-30 00:00:00	3820.0	3658.59997073	3693.70323	3798.24	1794571.0397045	477.11321825	3761.31067231
365	2018-12-31 00:00:00	3809.09050002	3642.0	3798.96999999	3696.22229999	1515005.6767022	405.71512869	3734.16116276
366	2019-01-01 00:00:00	3812.0	3638.95819695	3696.20229991	3795.55974532	1929298.5528245	519.29482163	3715.22779058
367	2019-01-02 00:00:00	3885.54389999	3751.41443611	3796.24838735	3858.89981478	3357955.9406636	881.59487932	3808.95581341
368	2019-01-03 00:00:00	3861.97671467	3731.00000003	3856.00000016	3761.85757117	2267147.539366	596.66596447	3799.69308519
369	2019-01-04 00:00:00	3819.99291489	3701.35925415	3763.83092408	3794.90259	1473899.7825406	391.64360761	3763.3699463
370	2019-01-05 00:00:00	3839.55900037	3751.49661488	3790.68631634	3775.80715	1001026.7346399	263.43595065	3799.88658408
371	2019-01-06 00:00:00	4024.62694568	3737.04586	3772.41640967	3988.0	2770926.8413173	707.01573961	3919.18692339
372	2019-01-07 00:00:00	4015.1716	3930.0	3988.0	3974.89220995	1507644.5144967	379.08905201	3977.01940085
373	2019-01-08 00:00:00	4074.99999998	3924.48348141	3977.59005694	3954.34154414	3279970.000205	825.11897741	3975.14793624
374	2019-01-09 00:00:00	4008.19423	3936.99524085	3954.34154413	3965.47000001	1542607.9030412	388.38201578	3971.88294093
375	2019-01-10 00:00:00	3992.9384568	3528.81816107	3963.01000014	3586.27805144	6279098.6109512	1693.38730445	3708.01091661
376	2019-01-11 00:00:00	3649.99999999	3511.54873196	3586.27805144	3600.00038064	3215888.0582629	895.12529182	3592.66807412
377	2019-01-12 00:00:00	3613.5609288	3527.53061553	3593.46020005	3582.25441006	1062309.9335202	296.58684216	3581.78375609
378	2019-01-13 00:00:00	3609.22908069	3444.44444444	3579.06711515	3474.78631704	1684872.8273347	479.00629106	3517.43360949
379	2019-01-14 00:00:00	3661.85	3469.0632149	3477.6020905	3628.0	2339142.198289	653.90935269	3577.16583906
380	2019-01-15 00:00:00	3642.9581	3515.48270535	3626.44379997	3553.90266648	2026517.5190996	565.39259113	3584.26613806
381	2019-01-16 00:00:00	3637.8436984	3546.96113	3548.35502516	3589.40221968	2080364.7881462	579.82864086	3587.89587396
382	2019-01-17 00:00:00	3630.0	3534.0778	3588.00212	3618.10803999	1200249.8997268	334.89206661	3583.9902446
383	2019-01-18 00:00:00	3617.89940836	3565.46267219	3616.49999993	3597.0	511500.27713553	142.32150041	3593.97754845
384	2019-01-19 00:00:00	3730.0	3595.68135099	3598.27961481	3669.29000018	1368738.101832	372.03733044	3679.03430608
385	2019-01-20 00:00:00	3693.54800075	3478.99850414	3669.29000018	3535.35684802	1973417.9914812	556.31508742	3547.30266373
386	2019-01-21 00:00:00	3564.1053034	3486.856322	3537.61154999	3530.45259	1305967.8498001	370.01601127	3529.49010319
387	2019-01-22 00:00:00	3605.0	3428.32102543	3525.03561	3571.03742	2093750.9726906	593.00466368	3530.74958921
388	2019-01-23 00:00:00	3604.69997	3521.37372465	3570.0	3551.08168	1219549.9817218	342.10179723	3564.87452447
389	2019-01-24 00:00:00	3584.4781714	3527.54509107	3551.60295514	3567.63879191	693940.43666405	194.78472385	3562.60194818
390	2019-01-25 00:00:00	3579.9899999	3518.714	3570.42259	3566.73243065	1202301.6409058	338.41280217	3552.76642371
391	2019-01-26 00:00:00	3651.0	3550.19694481	3568.99	3568.8259245	927770.31232645	258.74872175	3585.60346134
392	2019-01-27 00:00:00	3578.56406364	3495.22552099	3568.8259245	3553.22422902	1277681.2833923	359.75789763	3551.50308529
393	2019-01-28 00:00:00	3555.31351136	3382.60763366	3549.97071852	3440.72161058	1925628.9987217	558.42690781	3448.3098357
394	2019-01-29 00:00:00	3440.57588673	3353.73884922	3438.34332004	3408.10668048	1251576.4520653	368.14688472	3399.66601379
395	2019-01-30 00:00:00	3478.55287	3392.17466299	3414.2	3460.77990593	1834353.6708171	531.82944922	3449.13895518
396	2019-01-31 00:00:00	3490.6489295	3421.00000007	3461.63627444	3430.1721432	1471278.0399361	426.76594577	3447.50572185
397	2019-02-01 00:00:00	3485.5382149	3397.78294055	3430.07213999	3468.02262987	1455099.305421	422.11479217	3447.16492388
398	2019-02-02 00:00:00	3517.48346758	3442.59343	3466.40233668	3507.74606999	909451.78090778	262.00326076	3471.14680279
399	2019-02-03 00:00:00	3511.5222	3424.33108563	3508.61221131	3455.01000008	1003894.3986443	289.66341285	3465.72730317
400	2019-02-04 00:00:00	3481.56178	3434.63599018	3460.12293801	3463.46921617	811006.06550214	234.42263845	3459.58935905
401	2019-02-05 00:00:00	3489.90813191	3451.68440714	3463.59964241	3470.4028611	983287.36165448	283.41480912	3469.42830795
402	2019-02-06 00:00:00	3480.62767568	3383.3383	3470.4	3407.5	1369394.0974508	401.16032061	3413.58311651
403	2019-02-07 00:00:00	3435.53795984	3393.456789	3405.23700157	3399.38299973	950702.40706317	278.46052917	3414.13704088
404	2019-02-08 00:00:00	3734.99999998	3381.6460603	3400.09392389	3660.0	3395818.0424537	951.56892683	3568.65167273
405	2019-02-09 00:00:00	3689.26	3631.00000073	3660.0	3669.50953405	3080114.4022343	841.93761596	3658.36416362
406	2019-02-10 00:00:00	3689.79374087	3611.51214121	3667.1090414	3676.80000003	1824789.2565968	499.31699802	3654.5706712
407	2019-02-11 00:00:00	3681.3554028	3613.4586	3681.35	3633.54137	1031260.4134049	283.24439228	3640.88554447
408	2019-02-12 00:00:00	3660.56860147	3590.00000001	3634.56322	3633.80360746	1937297.6748795	534.47725635	3624.65877053
409	2019-02-13 00:00:00	3666.6279375	3600.0	3629.13814003	3609.17532079	1420743.7238572	392.50928256	3619.64362878
410	2019-02-14 00:00:00	3626.23120022	3569.182733	3610.99383004	3591.14783653	958006.39886561	266.17070307	3599.21804998
411	2019-02-15 00:00:00	3652.23814458	3574.21000001	3589.14637025	3605.30999892	1174474.5790378	325.70121358	3605.98772761
412	2019-02-16 00:00:00	3644.4129121	3601.00000003	3605.30999892	3620.20816999	858685.34224672	236.81366528	3625.99574324
413	2019-02-17 00:00:00	3700.0	3599.00000006	3622.29697	3669.67084142	1342954.9034341	368.46132354	3644.7649119
414	2019-02-18 00:00:00	3986.00000002	3658.80000001	3669.57	3902.33502	5149119.9174192	1343.07826155	3833.81971462
415	2019-02-19 00:00:00	4000.0	3866.26	3906.56999	3914.72000004	2703107.6717213	689.31004266	3921.46857644
416	2019-02-20 00:00:00	3995.0	3880.0	3911.70096806	3970.74600001	2047102.0739332	518.64569736	3947.01447318
417	2019-02-21 00:00:00	4010.0	3906.09925	3976.22112398	3940.08407	2062335.2530569	521.25990273	3956.44330641
418	2019-02-22 00:00:00	3985.7095254	3933.1	3942.62999988	3966.3003734	1553889.8319403	392.25987496	3961.37849199
419	2019-02-23 00:00:00	4153.90154684	3938.00000001	3966.3003734	4112.11277084	2120855.2750677	525.219995	4038.03224412
420	2019-02-24 00:00:00	4193.17030086	3708.3500136	4117.60261769	3750.94339887	5824238.1978023	1489.19876715	3910.98779174
421	2019-02-25 00:00:00	3870.0	3748.5077175	3750.94339875	3826.98240025	1641016.1241721	429.94018538	3816.8475057
422	2019-02-26 00:00:00	3843.79999962	3776.55888961	3826.98240025	3811.28752027	946271.47262593	248.26867482	3811.4815464
423	2019-02-27 00:00:00	3838.99999999	3682.51	3811.0	3816.21998944	2039177.1264271	538.58275388	3786.19090889
424	2019-02-28 00:00:00	3898.0	3776.74181127	3816.21998944	3820.78809986	1666129.677225	434.7145567	3832.69814996
425	2019-03-01 00:00:00	3856.48649999	3814.54120379	3821.66149863	3827.14680095	997701.94702956	259.97731308	3837.65004418
426	2019-03-02 00:00:00	3839.66000001	3770.0	3826.76268852	3823.85992	742448.90903627	194.87210396	3809.92914813
427	2019-03-03 00:00:00	3835.0	3780.32396209	3823.85991999	3807.07705161	768195.62291676	201.5478288	3811.480518
428	2019-03-04 00:00:00	3829.06605996	3671.37113	3811.80999861	3719.22138508	1289214.1756415	345.49624662	3731.48532944
429	2019-03-05 00:00:00	3879.87999999	3706.3315903	3718.91923996	3859.05856	1759232.0844079	461.5766204	3811.35440283
430	2019-03-06 00:00:00	3902.65759857	3812.0372	3860.0	3861.94211998	1393186.6342431	361.1449554	3857.69374156
431	2019-03-07 00:00:00	3900.44865145	3841.3135798	3866.11	3877.51152117	1374967.6442193	354.70760167	3876.34107006
432	2019-03-08 00:00:00	3935.0	3795.97510448	3877.72376167	3860.21	1945237.3042173	501.06420409	3882.21167734
433	2019-03-09 00:00:00	3968.78862	3854.7100001	3854.7100001	3940.29437935	1489199.2485829	379.65397481	3922.51720616
434	2019-03-10 00:00:00	3940.29437935	3884.68130279	3940.29437935	3921.10716996	728457.52847412	186.43872132	3907.22229436
435	2019-03-11 00:00:00	3933.45000012	3837.60182639	3920.0	3874.36999975	1004624.649581	259.29820865	3874.39872728
436	2019-03-12 00:00:00	3900.6	3815.38368496	3874.35818549	3881.304599	1806202.7874014	467.07922135	3867.01592543
437	2019-03-13 00:00:00	3895.26387492	3839.47260985	3883.33349553	3866.06659539	768694.89111689	198.58016461	3870.95505045
438	2019-03-14 00:00:00	3920.00000001	3806.77053214	3864.60504626	3877.31933336	1335279.4050279	344.83308976	3872.24847231
439	2019-03-15 00:00:00	3938.23369973	3878.41839751	3879.66822514	3922.88872503	1011533.3876668	258.50133544	3913.06832494
440	2019-03-16 00:00:00	4058.88166734	3922.70231014	3922.77341336	4005.55029275	4681735.4135338	1171.46763591	3996.47012859
441	2019-03-17 00:00:00	4008.3	3950.0	4005.55029275	3986.3999999	793983.74828905	199.65257255	3976.82703582
442	2019-03-18 00:00:00	4032.34421406	3955.23784336	3985.0	3988.50629841	976093.90273444	244.64438608	3989.84795185
443	2019-03-19 00:00:00	4038.00435404	3972.45258209	3988.62814687	4015.61067084	943258.00452769	235.85033108	3999.39232736
444	2019-03-20 00:00:00	4050.0	3978.4824	4014.70975407	4040.68444076	1225328.4793915	305.09070051	4016.27606919
445	2019-03-21 00:00:00	4067.28213403	3911.22976903	4043.57716675	3982.4568868	2356429.9784805	590.69094349	3989.27731066
446	2019-03-22 00:00:00	4008.63913928	3972.7	3988.71998987	3988.04409935	662709.40628742	166.02188173	3991.69916267
447	2019-03-23 00:00:00	4018.16171549	3977.24173274	3990.0	4003.79999999	687352.09928678	172.00206027	3996.18526782
448	2019-03-24 00:00:00	4009.63804079	3958.64883778	4000.0	3991.51000001	681864.35365948	170.93586206	3989.0070196
449	2019-03-25 00:00:00	4001.031894	3927.58121221	3991.51000001	3943.99999777	834642.41502923	210.51762207	3964.71519496
450	2019-03-26 00:00:00	3951.29999958	3898.00000005	3942.6096586	3946.35630101	989645.68514604	252.4256405	3920.54342493
451	2019-03-27 00:00:00	4046.66717629	3935.5658625	3946.35630101	4045.46999999	2628929.8530731	654.78764149	4014.93505144
452	2019-03-28 00:00:00	4041.49	4005.54511104	4041.49	4028.51471228	1038226.9935174	257.98065819	4024.43733883
453	2019-03-29 00:00:00	4121.0	4025.00000033	4027.0	4104.60395545	2726970.879724	669.19203816	4075.0199109
454	2019-03-30 00:00:00	4140.0	4052.57725231	4102.89931454	4105.3	839153.72486063	204.70764381	4099.27889961
455	2019-03-31 00:00:00	4114.0	4085.0	4105.76366177	4104.7592224	649700.83017494	158.3311102	4103.43127989
456	2019-04-01 00:00:00	4159.12005494	4063.94371652	4102.17000001	4145.0	1711270.7509904	414.41124679	4129.40228877
457	2019-04-02 00:00:00	4899.9	4138.68616096	4146.70150381	4861.41982157	13152719.242186	2855.11096523	4606.72786534
458	2019-04-03 00:00:00	5274.73567118	4784.44121629	4861.10219193	4939.9	11277543.171986	2261.33313497	4987.12153357
459	2019-04-04 00:00:00	5036.0	4779.0	4939.9	4890.34243552	5329671.0050485	1080.65645042	4931.88284119
460	2019-04-05 00:00:00	5037.38472809	4885.94455076	4898.32730814	5005.49886382	3252022.5657981	654.29567339	4970.26451198
461	2019-04-06 00:00:00	5200.0	4933.08600812	5005.49886382	5051.06520581	4775129.872021	944.86224252	5053.78419957
462	2019-04-07 00:00:00	5220.0	5033.9192941	5051.06520581	5174.93586977	4113831.1709979	801.72391361	5131.23171351
463	2019-04-08 00:00:00	5315.70006089	5050.0	5172.49044736	5240.21979062	6169334.8412274	1189.4731775	5186.61114678
464	2019-04-09 00:00:00	5240.21979062	5076.19235437	5240.21979062	5154.12533859	2292991.3867344	444.94076625	5153.47560993
465	2019-04-10 00:00:00	5420.93626445	5137.83695891	5153.09743701	5309.45449317	4139978.1286685	784.97884384	5273.99962579
466	2019-04-11 00:00:00	5326.57628912	4925.0	5313.0	5022.1	5664479.0716304	1114.77161241	5081.29109906
467	2019-04-12 00:00:00	5077.82223453	4872.40447627	5016.0	5053.2249604	2749961.5499976	550.34238992	4996.81943525
468	2019-04-13 00:00:00	5100.0999693	5002.05785799	5043.00000001	5049.60651492	1309640.3817285	258.97214099	5057.07052782
469	2019-04-14 00:00:00	5147.04034544	4997.6260146	5056.11757259	5126.69105029	1380051.4042302	271.80261807	5077.40291108
470	2019-04-15 00:00:00	5165.8889749	4950.0	5126.69105029	5032.7545694	2555281.3502925	504.18051784	5068.18740486
471	2019-04-16 00:00:00	5193.9587789	5009.0	5031.83403907	5176.5244883	1422075.4667595	278.18913319	5111.90157017
472	2019-04-17 00:00:00	5234.98087353	5144.00000001	5175.72605442	5203.18561709	1899033.6216998	365.96371282	5189.13093067
473	2019-04-18 00:00:00	5291.39483621	5200.0	5202.29557818	5260.81355704	4439934.6676624	847.54732822	5238.56841952
474	2019-04-19 00:00:00	5328.31375588	5196.0	5255.38492057	5260.85910911	3371494.2185084	645.97117207	5219.26420912
475	2019-04-20 00:00:00	5328.95	5241.0	5261.24619999	5289.87388452	1340648.8205357	253.34809497	5291.72647102
476	2019-04-21 00:00:00	5313.30000074	5167.7828115	5289.87388452	5258.95905177	1905080.9369636	363.92266054	5234.85109208
477	2019-04-22 00:00:00	5390.0	5212.0	5259.29999999	5364.93620828	4761051.7867932	893.48453635	5328.6336731
478	2019-04-23 00:00:00	5597.01	5337.08382823	5363.27633158	5494.4451665	5656825.6642311	1030.30881371	5490.41761941
479	2019-04-24 00:00:00	5588.0	5342.0	5494.29134272	5409.0325917	6070053.1409977	1114.25510413	5447.63323811
480	2019-04-25 00:00:00	5488.66646742	5110.88677657	5408.97964369	5229.5526	6551470.650709	1239.38111218	5286.08237314
481	2019-04-26 00:00:00	5505.45	5168.63090661	5230.64739068	5312.71123874	5034856.9086977	947.56445	5313.47172078
482	2019-04-27 00:00:00	5350.29000019	5264.76972467	5310.02778062	5296.32637366	943473.30134228	177.82791477	5305.54104828
483	2019-04-28 00:00:00	5343.13904868	5261.3259746	5296.32637371	5314.30345056	2118907.2513071	399.41511385	5305.0252177
484	2019-04-29 00:00:00	5335.21312182	5190.0	5314.85903876	5242.41999996	3087082.1954727	587.13689766	5257.85759296
485	2019-04-30 00:00:00	5338.00000018	5199.28852138	5242.37312454	5321.39761414	2937170.9328288	555.67375187	5285.78311094
486	2019-05-01 00:00:00	5406.40595454	5319.2	5321.58839732	5395.6	2414664.0156862	450.70566017	5357.51872913
487	2019-05-02 00:00:00	5535.0	5368.5263456	5387.3	5500.4723121	2190167.6295252	400.98223287	5462.0066676
488	2019-05-03 00:00:00	5850.70851039	5483.15403604	5496.2921577	5771.5	4801612.707759	837.51985315	5733.13299941
489	2019-05-04 00:00:00	5900.0	5596.84587203	5771.59818547	5842.8	4239948.531764	735.31144161	5766.19414826
490	2019-05-05 00:00:00	5836.1	5699.27264148	5836.01902891	5776.39331064	1674509.2264481	289.59496713	5782.24560683
491	2019-05-06 00:00:00	5798.40173965	5620.99999999	5784.0	5744.28401558	2339688.83776	409.28482183	5716.52969513
492	2019-05-07 00:00:00	6015.68442672	5752.34437575	5754.61385487	5846.0	3112054.6348895	526.88678712	5906.49587532
493	2019-05-08 00:00:00	6010.02668376	5795.0	5848.3384	5982.9000003	2375294.2441567	401.670623	5913.53738148
494	2019-05-09 00:00:00	6195.50000088	5982.9000003	5982.9000003	6174.69999999	3364672.6358213	552.72279421	6087.45047439
495	2019-05-10 00:00:00	6448.0	6137.70627834	6174.69999999	6382.09999949	4688834.9686361	743.10124713	6309.81980819
496	2019-05-11 00:00:00	7377.0	6380.70000014	6380.70000015	7215.08049998	9739063.7844984	1419.40892157	6861.35167709
497	2019-05-12 00:00:00	7518.29323308	6756.90779629	7214.98039997	6980.59158242	11570862.674875	1625.02704385	7120.41237631
498	2019-05-13 00:00:00	8100.0	6862.86784574	6977.594289	7811.96432384	14749205.595625	1929.92096861	7642.38838559
499	2019-05-14 00:00:00	8342.61065618	7682.90511992	7805.71831231	8000.0	11675934.759924	1461.47377615	7989.15105454
500	2019-05-15 00:00:00	8242.45843065	7830.0	8010.0	8169.88672531	8173321.9488866	1014.47225217	8056.72302165
501	2019-05-16 00:00:00	8320.0	7708.0	8170.26680001	7873.93604739	11572968.381648	1444.52006604	8011.63559698
502	2019-05-17 00:00:00	7929.10385391	6917.9094749	7871.72774774	7352.42393267	14244747.875295	1961.85911087	7260.84141127
503	2019-05-18 00:00:00	7457.62888199	7198.86813194	7356.0564	7267.63201716	3924421.008892	535.55531591	7327.7603495
504	2019-05-19 00:00:00	8264.0	7250.0	7262.28626822	8163.01036736	9438765.7606702	1197.96020937	7879.03111208
505	2019-05-20 00:00:00	8146.09814502	7564.99999999	8146.09814502	7924.86865096	6623493.1203659	845.92508744	7829.88141468
506	2019-05-21 00:00:00	8028.07500712	7779.0	7939.45539033	7903.1610962	3024110.4483139	382.14425522	7913.53109985
507	2019-05-22 00:00:00	8000.0	7511.88319056	7903.1610962	7628.80358764	4604502.6754127	589.0487237	7816.84517791
508	2019-05-23 00:00:00	7930.45	7469.00000001	7628.80358762	7847.22406338	3768365.7837307	491.42060741	7668.31045932
509	2019-05-24 00:00:00	8117.44621983	7773.84	7850.29539091	7975.28895219	4152746.5902487	519.97763573	7986.39461564
510	2019-05-25 00:00:00	8087.4703042	7915.48791435	7957.42571844	8036.47249247	1588827.2852384	198.555158	8001.94415114
511	2019-05-26 00:00:00	8729.52563474	7852.55417392	8036.40000083	8622.61232617	8179425.3257809	976.58291617	8375.55643289
512	2019-05-27 00:00:00	8900.08580809	8588.38000082	8616.50275214	8750.08139821	10254300.030033	1174.40260643	8731.50312668
513	2019-05-28 00:00:00	8795.08766306	8550.0	8749.78539435	8722.1895544	4464442.2188062	513.50873162	8693.99475393
514	2019-05-29 00:00:00	8748.62120843	8426.78085745	8718.05751243	8653.0	4539684.6807687	527.03727149	8613.59324348
515	2019-05-30 00:00:00	9050.46826904	8053.00000001	8655.09999999	8275.24969776	13286290.363763	1553.49650237	8552.50742019
516	2019-05-31 00:00:00	8580.0	8117.09170448	8273.86	8549.98762712	5628115.9449118	673.6646584	8354.4770751
517	2019-06-01 00:00:00	8610.23539745	8430.70000089	8547.17394021	8542.76100762	2368004.7382214	277.60822221	8530.02378449
518	2019-06-02 00:00:00	8803.60730671	8531.56036447	8541.35645645	8724.49080533	3148215.1858678	362.54165281	8683.73374884
519	2019-06-03 00:00:00	8732.89563132	8075.0	8720.2659723	8118.44080432	7294146.7154826	864.19505292	8440.39397221
520	2019-06-04 00:00:00	8115.93591117	7506.13533914	8115.93591117	7691.48915971	10669540.671318	1369.62301367	7790.12952091
521	2019-06-05 00:00:00	7893.22653188	7580.47725419	7691.48915972	7773.49521967	3886320.7000138	500.73365771	7761.25319353
522	2019-06-06 00:00:00	7853.48915972	7510.0	7774.26701925	7784.81161432	3315002.6594419	430.27858494	7704.31709936
523	2019-06-07 00:00:00	8093.24596995	7747.92706031	7789.57486601	7994.0	4230051.4007757	533.62830736	7926.96216155
524	2019-06-08 00:00:00	8043.51695302	7769.09511391	7985.5010644	7895.0	4138175.1681183	525.76274578	7870.80332589
525	2019-06-09 00:00:00	7930.80001139	7511.73703814	7907.939905	7640.60080127	4570819.5988961	593.85892409	7696.810494
526	2019-06-10 00:00:00	8010.0	7515.0	7628.0983474	7988.73922554	4705378.6465298	602.29784293	7812.37838017
527	2019-06-11 00:00:00	8010.0	7698.54700887	7983.54293557	7887.5653311	3387214.5685669	431.5965085	7848.1046576
528	2019-06-12 00:00:00	8198.67750445	7799.99099999	7893.17362552	8130.0	5231944.4003978	651.51590674	8030.41698026
529	2019-06-13 00:00:00	8303.59999999	8001.2	8123.24785274	8210.0	2850695.8599292	349.45690196	8157.50338293
530	2019-06-14 00:00:00	8700.0	8153.8792154	8210.0	8673.19999996	5492587.9792212	655.4512852	8379.85690659
531	2019-06-15 00:00:00	8865.62023983	8566.56958123	8673.09996994	8809.26970927	3668886.1036641	421.65827268	8701.08887072
532	2019-06-16 00:00:00	9325.0	8759.37683497	8809.49125799	8968.92286817	11929575.934481	1317.2708549	9056.28169795
533	2019-06-17 00:00:00	9429.96026884	8949.00000001	8963.50269782	9310.4213446	7175451.08239	777.68237518	9226.71171598
534	2019-06-18 00:00:00	9327.01003269	8949.31554828	9307.20008688	9076.40925673	5644096.6653823	619.68745911	9107.97303125
535	2019-06-19 00:00:00	9292.69376912	9050.0	9086.28669228	9250.00000005	3101549.8039894	338.81653596	9154.06857342
536	2019-06-20 00:00:00	9580.00000001	9186.66	9251.49962426	9520.18418425	4986509.9024571	532.11987294	9371.02738694
537	2019-06-21 00:00:00	10195.0	9520.0	9520.0	10177.25008034	8289529.3615807	845.88836184	9799.79124378
538	2019-06-22 00:00:00	11163.39963985	10019.73104214	10168.0988083	10729.36157159	19885952.058168	1853.51810812	10728.76060452
539	2019-06-23 00:00:00	11394.99999999	10558.02077125	10721.9878372	10899.95750221	9946700.3196844	912.68376475	10898.29873593
540	2019-06-24 00:00:00	11133.56828818	10625.0	10889.1772131	11048.62871993	7633043.7279371	701.39360684	10882.68221081
541	2019-06-25 00:00:00	11839.99999999	11032.15145584	11056.10000087	11814.85058455	12101974.736901	1062.04156336	11395.01047267
542	2019-06-26 00:00:00	13963.81	11701.00000001	11821.64207207	13101.48646392	44630496.1434	3496.95343643	12762.67955942
543	2019-06-27 00:00:00	13455.73782958	10531.0	13099.25239001	11307.51810984	34471131.442688	2961.7952736	11638.5935753
544	2019-06-28 00:00:00	12483.38445048	11013.19399476	11316.20623565	12411.32087548	22051521.015181	1872.68373341	11775.35780429
545	2019-06-29 00:00:00	12439.10486219	11492.23408671	12400.2846418	11917.37690192	13985390.428153	1175.5241992	11897.15229824
546	2019-06-30 00:00:00	12200.0	10778.3242213	11909.07853493	10838.63780999	15368329.79766	1340.03178897	11468.63076246
547	2019-07-01 00:00:00	11262.5	10043.26675341	10838.63780999	10623.96787549	17025484.301704	1610.56558238	10571.12140478
548	2019-07-02 00:00:00	10939.3455994	9723.0	10617.23737321	10836.18072559	15302121.742065	1488.46871662	10280.44564941
549	2019-07-03 00:00:00	11975.92246945	10838.63376673	10838.63376673	11933.0	13870310.348895	1224.25475822	11329.59480513
550	2019-07-04 00:00:00	11996.9601917	11000.84143199	11933.0	11160.94506294	10910972.955139	935.48523216	11663.4368775
551	2019-07-05 00:00:00	11406.66059999	10803.64926503	11138.90311001	10966.50168114	9889854.8432405	891.79898656	11089.7803118
552	2019-07-06 00:00:00	11676.4	11000.3062534	11000.3062534	11265.41486788	7557765.3521935	664.30215496	11376.9996014
553	2019-07-07 00:00:00	11524.17466752	11111.0	11227.96905703	11415.1745791	5407908.533429	478.42348787	11303.60166367
554	2019-07-08 00:00:00	12344.7805097	11290.0	11421.45311305	12260.11338586	10622461.907882	893.35609972	11890.51254165
555	2019-07-09 00:00:00	12779.52933984	12070.60161973	12260.0	12560.61493975	15704023.661429	1262.58869785	12437.95678527
556	2019-07-10 00:00:00	13154.26681399	11574.62785449	12529.66580296	12116.93014948	25258696.993014	2019.7001182	12506.16206109
557	2019-07-11 00:00:00	12109.78900001	11018.16020462	12109.78900001	11337.18581225	13703578.897327	1195.98246013	11458.00992419
558	2019-07-12 00:00:00	11872.0	11094.2803934	11335.39702605	11755.15391067	6025246.2286294	521.26118222	11558.97740738
559	2019-07-13 00:00:00	11790.0	10830.57515945	11758.69316735	11384.47102144	9612243.0047477	853.08129249	11267.67529585
560	2019-07-14 00:00:00	11443.41236848	10104.0	11362.37521601	10187.72402807	10886452.438483	1019.01127201	10683.34839614
561	2019-07-15 00:00:00	11062.4	9870.0	10187.72402806	10836.90135676	11743946.072958	1126.93304065	10421.15693598
562	2019-07-16 00:00:00	11017.06664065	9357.38023436	10836.90135673	9403.62017037	16716867.940445	1674.89487811	9980.84605722
563	2019-07-17 00:00:00	9946.83309319	9065.4321612	9429.99999984	9666.90000001	11334569.743279	1190.57756964	9520.22785605
564	2019-07-18 00:00:00	10765.00000002	9269.55533329	9671.049386	10622.74536665	13497936.180569	1340.5772723	10068.74908255
565	2019-07-19 00:00:00	10756.8539444	10118.73398895	10646.2857625	10512.15623196	7602274.3942731	728.89765121	10429.82424439
566	2019-07-20 00:00:00	11060.00329226	10352.94118769	10506.07519681	10750.05167907	7022483.7472194	654.52137384	10729.18934032
567	2019-07-21 00:00:00	10809.722639	10302.5	10749.75159994	10582.13493539	5202001.0338944	493.58298865	10539.26321108
568	2019-07-22 00:00:00	10679.34559944	10089.97151118	10599.2798305	10344.1772921	5974371.3331722	577.4466693	10346.18719061
569	2019-07-23 00:00:00	10339.39403026	9836.76708831	10339.39403026	9868.87636545	5664967.8660532	565.26214971	10021.84184622
570	2019-07-24 00:00:00	9924.88247595	9524.62282879	9870.41062188	9761.78000001	7547269.0537368	778.32362776	9696.82633875
571	2019-07-25 00:00:00	10170.97669335	9730.37878635	9761.78	9881.18122021	4637946.4486816	463.3413499	10009.78317536
572	2019-07-26 00:00:00	9881.18122022	9645.75396707	9881.18122022	9824.55083507	3210972.7793856	329.79608281	9736.23686499
573	2019-07-27 00:00:00	10170.02519507	9324.95523	9820.7509536	9469.68002697	6767948.6581964	700.31428275	9664.15911384
574	2019-07-28 00:00:00	9688.01649171	9175.0	9466.11594269	9530.1431304	3981664.4717671	421.10969763	9455.17164334
575	2019-07-29 00:00:00	9730.0	9393.78815088	9546.71204727	9512.99197827	3527595.5227125	368.702402	9567.59571832
576	2019-07-30 00:00:00	9709.25362324	9400.0	9522.55599509	9578.99996978	3695642.6660705	385.7458219	9580.5124936
577	2019-07-31 00:00:00	10118.15033589	9568.75450207	9578.74527142	10074.98929989	5662580.0512671	571.37889065	9910.37671137
578	2019-08-01 00:00:00	10462.18460001	9851.98625729	10074.9892999	10373.0	4367866.1143664	431.09826386	10131.95013883
579	2019-08-02 00:00:00	10663.19007842	10310.99181242	10379.18290219	10524.00598433	5761347.9292726	550.22802272	10470.8369828
580	2019-08-03 00:00:00	10899.0	10496.06665489	10524.00598434	10814.35497247	4164359.8399455	387.24158107	10753.90671745
581	2019-08-04 00:00:00	11024.30821454	10555.0	10814.35497248	10936.96759597	5242464.3740744	484.82666258	10813.06945079
582	2019-08-05 00:00:00	11923.86475	10937.812	10937.812	11816.22202379	13507268.592152	1164.63082982	11597.89715874
583	2019-08-06 00:00:00	12300.05713911	11234.00000015	11820.62791282	11490.3412909	11273227.655926	955.81677981	11794.33955759
584	2019-08-07 00:00:00	12135.00000001	11405.95835199	11479.51093826	11954.01386547	11032970.920094	933.10650621	11823.9138262
585	2019-08-08 00:00:00	12079.60499462	11532.28094249	11997.09107499	11985.12904302	5626216.6948853	476.66443135	11803.30715877
586	2019-08-09 00:00:00	12040.000001	11689.48521651	11999.0	11872.04837057	5298852.2199492	447.69512065	11835.84983516
587	2019-08-10 00:00:00	11980.00000001	11265.61815159	11887.5954169	11318.0	6480122.5709464	563.89265434	11491.76624499
588	2019-08-11 00:00:00	11603.20956648	11124.5	11321.12168998	11539.26500184	4854319.1811426	427.27178959	11361.19748462
589	2019-08-12 00:00:00	11568.03446366	11250.0	11541.89093999	11387.0733912	2121443.1139206	185.95579182	11408.31965037
590	2019-08-13 00:00:00	11451.521168	10790.00000001	11391.387599	10885.79242875	4883847.6346965	440.15674809	11095.70091993
591	2019-08-14 00:00:00	10896.03140608	9953.0	10896.03140608	10052.17796145	8697872.739621	837.8243842	10381.49868116
592	2019-08-15 00:00:00	10445.99999999	9523.4400982	10054.59980013	10311.39375692	12472265.192412	1245.77271174	10011.66992572
593	2019-08-16 00:00:00	10520.0	9750.0	10305.65100999	10349.64220512	9924574.1721641	971.2798663	10218.03757754
594	2019-08-17 00:00:00	10459.70000002	10001.00000001	10346.04220416	10214.13066121	3217983.447824	313.68378249	10258.68606365
595	2019-08-18 00:00:00	10457.67618276	10082.94992633	10214.02298649	10314.99999992	3552949.9901993	343.17887961	10353.05550923
596	2019-08-19 00:00:00	10929.8	10260.95659381	10302.23008702	10915.76304202	6351631.7156825	595.19876619	10671.44637469
597	2019-08-20 00:00:00	10942.17	10519.8244101	10914.69999999	10747.1349111	5929208.9812164	552.17318056	10737.95176941
598	2019-08-21 00:00:00	10799.53171858	9886.05320926	10763.86594711	10134.36772855	12405489.730126	1222.071881	10151.19480531
599	2019-08-22 00:00:00	10229.23754879	9775.0	10134.52	10103.61402433	6008881.4634591	599.20030349	10028.16825769
600	2019-08-23 00:00:00	10441.70679653	10029.59444478	10101.00000001	10383.75091678	5113845.4135549	497.39919683	10281.16942316
601	2019-08-24 00:00:00	10400.0	9895.15483671	10389.9	10120.02	5894980.5183774	586.89573857	10044.34029925
602	2019-08-25 00:00:00	10280.20202161	9915.69389319	10137.71826091	10136.97951002	6999325.9066491	693.31668676	10095.42398201
603	2019-08-26 00:00:00	10600.0	10136.97951002	10136.97951002	10373.47386427	8929787.3949949	861.52862454	10365.05014533
604	2019-08-27 00:00:00	10390.88999994	10059.71709492	10374.17641559	10182.12413899	2520887.1993137	247.55885408	10182.98137096
605	2019-08-28 00:00:00	10290.0	9627.19994825	10182.12413899	9740.09698812	12001642.847712	1207.94450354	9935.5912565
606	2019-08-29 00:00:00	9740.0	9336.28458356	9740.0	9485.98999998	5610736.6280977	589.79312946	9513.05864351
607	2019-08-30 00:00:00	9682.99105978	9350.0	9498.1731896	9579.88337486	2270928.862894	238.16376594	9535.15684441
608	2019-08-31 00:00:00	9688.8800001	9400.0	9586.09999999	9591.20000001	1403419.7528338	146.8038648	9559.8283788
609	2019-09-01 00:00:00	9800.0	9542.08835999	9588.39466403	9724.72622572	1643154.5075322	170.35461293	9645.49464948
610	2019-09-02 00:00:00	10421.736	9729.01915875	9738.39999845	10346.19101013	10873381.208784	1072.89968391	10134.57396982
611	2019-09-03 00:00:00	10739.0	10150.55732752	10351.97424552	10568.00600024	10148866.409051	964.02326043	10527.61569728
612	2019-09-04 00:00:00	10785.93478377	10376.45321424	10568.0060016	10558.40000161	6586770.8112825	624.1083908	10553.88920959
613	2019-09-05 00:00:00	10631.12999998	10455.55	10568.00999971	10567.44674386	2230613.2487791	211.50796878	10546.2373907
614	2019-09-06 00:00:00	10900.0	10200.0	10562.6609414	10301.65941387	7618537.8621058	720.95667834	10567.26165523
615	2019-09-07 00:00:00	10545.02922053	10301.89063622	10314.80132287	10464.38604994	2049568.4944783	196.43305454	10433.92874624
616	2019-09-08 00:00:00	10574.55673853	10224.36623503	10458.70651567	10394.75521409	2602405.7844952	250.10691635	10405.17320542
617	2019-09-09 00:00:00	10523.91053171	10100.0	10380.44850145	10309.55288085	4550796.7900527	444.07879734	10247.72364119
618	2019-09-10 00:00:00	10378.06337277	9965.53034342	10298.0	10114.97397512	7427201.4146213	732.92463567	10133.64956388
619	2019-09-11 00:00:00	10277.32291145	9900.0	10092.70863565	10158.13444378	3839787.242641	381.11765374	10075.07053257
620	2019-09-12 00:00:00	10444.44	10050.0	10163.97700702	10394.18689557	3721314.7447341	362.56337667	10263.90138715
621	2019-09-13 00:00:00	10434.60633276	10154.0	10394.18689557	10344.79375393	2676638.163509	260.07414093	10291.82737636
622	2019-09-14 00:00:00	10400.0	10216.13594058	10353.1297888	10336.60000037	3786301.5378784	365.36917346	10362.9474321
623	2019-09-15 00:00:00	10355.90001595	10250.32746781	10336.60000037	10295.88087366	2724669.1488239	264.54964835	10299.273372
624	2019-09-16 00:00:00	10350.00000002	10082.30314434	10303.58090827	10258.19999998	5837573.3847309	572.35013312	10199.30466847
625	2019-09-17 00:00:00	10268.03967019	10140.0	10258.19999997	10187.80747155	2464193.652172	241.23819798	10214.77391559
626	2019-09-18 00:00:00	10257.88999983	10090.86864049	10191.60000004	10164.35519547	1922307.1898731	188.69873063	10187.17605282
627	2019-09-19 00:00:00	10265.82954118	9700.0	10153.15811	10243.92000013	12460120.904085	1248.03015245	9983.83002175
628	2019-09-20 00:00:00	10265.82954118	10069.08423204	10244.3316609	10163.24200001	2168102.2993384	213.20334432	10169.17584596
629	2019-09-21 00:00:00	10173.26576661	9902.000002	10166.7	9984.52967214	4963779.9078786	495.38398026	10020.06545563
630	2019-09-22 00:00:00	10087.0	9861.98417983	9989.7	10028.28475599	2709671.4582592	271.48729154	9980.84088168
631	2019-09-23 00:00:00	10045.0434798	9645.776	10030.64091866	9697.199	13893430.921236	1411.61695407	9842.21029733
632	2019-09-24 00:00:00	9783.39810866	7906.6	9704.0	8501.53413007	19828564.442999	2232.62541128	8881.27687825
633	2019-09-25 00:00:00	8720.0	8220.92969954	8503.31429997	8433.3339948	8990467.3928588	1064.10353802	8448.86523879
634	2019-09-26 00:00:00	8459.22999999	7766.6	8436.4312666	8037.41157048	16085936.824633	1988.88918874	8087.89997738
635	2019-09-27 00:00:00	8260.0	7866.6	8047.99999999	8166.6136	7366834.6500643	914.0403886	8059.63800062
636	2019-09-28 00:00:00	8309.49	7700.98129344	8166.61360001	8205.90000002	5188875.4470697	642.01364853	8082.18868703
637	2019-09-29 00:00:00	8217.85405642	7894.00000001	8192.46544036	8049.34563487	3074748.5717291	383.88744447	8009.50543192
638	2019-09-30 00:00:00	8315.42	7723.0	8047.21952532	8280.47096847	10058841.051315	1253.4860791	8024.69306921
639	2019-10-01 00:00:00	8490.05999999	8173.85142	8281.75679901	8299.89999999	4745871.5340734	568.93661654	8341.65247252
640	2019-10-02 00:00:00	8369.398171	8155.67956077	8300.0	8357.89978089	3689096.0074955	447.16680027	8249.93269909
641	2019-10-03 00:00:00	8392.03072904	8050.0	8362.88157415	8214.26248971	6022744.7005962	733.88146067	8206.6996148
642	2019-10-04 00:00:00	8223.60000001	8008.0	8223.60000001	8135.75597232	4075767.118261	501.03830377	8134.64177807
643	2019-10-05 00:00:00	8180.0	8015.0	8135.75597232	8123.70530665	2551025.2342059	315.26678416	8091.63972348
644	2019-10-06 00:00:00	8154.40999993	7800.0	8126.92	7862.0	10059842.571737	1270.24341982	7919.61793682
645	2019-10-07 00:00:00	8293.21419929	7771.1272	7862.0	8188.96999999	6927550.6877514	859.47257379	8060.23472884
646	2019-10-08 00:00:00	8299.0	8107.7216428	8188.97	8168.29932128	4985892.6763575	608.87083893	8188.75261807
647	2019-10-09 00:00:00	8677.59062	8118.03235814	8168.29932128	8557.6500005	8935197.6765195	1061.68049941	8416.08909788
648	2019-10-10 00:00:00	8642.0	8422.22442288	8559.87075082	8556.34174685	6851590.2951842	803.49719463	8527.21122236
649	2019-10-11 00:00:00	8770.0	8220.0	8558.54461617	8235.8500005	12780690.704134	1515.46910094	8433.48814977
650	2019-10-12 00:00:00	8398.918224	8245.16979005	8245.16979005	8301.78354408	3785358.5350499	454.8903608	8321.47449418
651	2019-10-13 00:00:00	8456.08461	8162.62400001	8291.30138248	8281.87357591	3431343.8954492	411.40067674	8340.6374599
652	2019-10-14 00:00:00	8384.05283992	8208.2828211	8278.48	8345.08962667	5262657.9453481	634.09516351	8299.4765584
653	2019-10-15 00:00:00	8384.8989	8100.0	8345.08962666	8163.15567182	4057983.0110205	492.67059171	8236.70639023
654	2019-10-16 00:00:00	8179.99999992	7921.5981865	8160.95567154	8000.03045398	5715039.5740962	710.83735179	8039.86954217
655	2019-10-17 00:00:00	8117.18819994	7934.82663091	7990.17114799	8072.70975588	4586866.4148172	570.14261841	8045.12110953
656	2019-10-18 00:00:00	8113.83999974	7818.0	8070.8303962	7949.72534466	6854721.273564	863.55855112	7937.76086713
657	2019-10-19 00:00:00	8089.66149787	7877.00000001	7948.16	7952.26047833	2831069.3116431	355.61308817	7961.09425052
658	2019-10-20 00:00:00	8293.43406172	7873.92836958	7953.54367503	8221.11725194	3006584.1475588	373.12038154	8057.94670114
659	2019-10-21 00:00:00	8338.26944733	8115.71276396	8225.95659995	8199.04394432	3640149.0388187	443.58090809	8206.27978443
660	2019-10-22 00:00:00	8293.62418282	7995.0	8181.0011008	8022.14757244	4050774.1162614	496.11728139	8164.9526598
661	2019-10-23 00:00:00	8046.86041112	7305.76084001	8022.0	7465.12909912	12576505.503654	1648.58580955	7628.66296118
662	2019-10-24 00:00:00	7497.93007915	7343.79989326	7464.20356194	7415.0	6262133.789057	841.97210547	7437.45992102
663	2019-10-25 00:00:00	8750.60000015	7382.21400002	7415.00000001	8656.9899841	12233132.153312	1499.02406772	8160.73098273
