	date	high	low	open	close	volume	quoteVolume	weightedAverage
0	2017-12-31 23:00:00	13769.34198361	13769.34198361	13769.34198361	13769.34198361	0.0	0.0	13769.34198361
1	2018-01-01 00:00:00	13799.99999984	13210.99999982	13799.99999984	13369.40498774	13287941.068822	985.49538388	13483.51426721
2	2018-01-01 04:00:00	13891.99999996	13229.86326373	13350.00990055	13621.87701406	11051536.940542	814.86797283	13562.36508125
3	2018-01-01 08:00:00	13760.00000008	13036.92815333	13619.99999987	13233.20361876	11246601.817817	840.62344817	13378.88187903
4	2018-01-01 12:00:00	13300.0	12800.0	13245.00239662	13217.0	15352251.783995	1175.52644352	13059.89488252
5	2018-01-01 16:00:00	13274.06313447	12950.85575403	13216.99999984	13220.90766079	12067639.48977	921.01106747	13102.5998666
6	2018-01-01 20:00:00	13630.00000003	13208.67000001	13259.07182761	13351.7394064	15827091.977773	1175.00490056	13469.8093346
7	2018-01-02 00:00:00	13923.8701209	13214.70198015	13400.71449717	13335.44332961	14468733.177299	1062.05783322	13623.3006572
8	2018-01-02 04:00:00	13384.99999996	12875.0	13335.4433296	13350.7	11377457.272668	864.36806943	13162.74591236
9	2018-01-02 08:00:00	13700.33815717	13325.19877047	13350.7	13524.80958873	11037593.137177	817.55932611	13500.66323589
10	2018-01-02 12:00:00	13998.00000014	13489.32978823	13524.80958867	13735.5795016	15099840.743015	1098.45389273	13746.44929837
11	2018-01-02 16:00:00	15325.0	13609.84896185	13735.5795016	14831.65720003	36480123.903425	2511.85548822	14523.17781596
12	2018-01-02 20:00:00	15249.39470132	14000.67705648	14820.00000045	14738.00000001	20760326.463957	1398.88297961	14840.64554831
13	2018-01-03 00:00:00	15280.0	14617.85128976	14731.20000023	14820.26932	17539190.623117	1176.19879862	14911.75696123
14	2018-01-03 04:00:00	15440.725015	14820.0	14820.26932	15249.12694704	11911172.766575	784.04649964	15191.92136186
15	2018-01-03 08:00:00	15300.56347375	14476.14012492	15274.563474	14869.99999841	22223038.517886	1497.60127688	14839.08892237
16	2018-01-03 12:00:00	15128.87968334	14534.79675245	14869.99999841	15076.29546095	19944641.967584	1339.02485557	14894.9004827
17	2018-01-03 16:00:00	15217.97710163	14716.95299221	15076.29546095	14761.28755651	18235765.438801	1220.93855152	14935.8584968
18	2018-01-03 20:00:00	15150.0	14716.95299222	14761.28755651	15150.0	16182574.200721	1083.36274727	14937.35523166
19	2018-01-04 00:00:00	15400.00000004	14924.01639412	15150.0	15091.53818126	19302541.54892	1273.15864167	15161.14403747
20	2018-01-04 04:00:00	15078.5394849	14700.99999997	15070.36909735	14771.1500003	13370817.753376	898.29184565	14884.71460374
21	2018-01-04 08:00:00	14848.73315724	14083.91135919	14802.7454899	14531.1042005	23497035.438022	1630.33371117	14412.4085008
22	2018-01-04 12:00:00	14655.0	14172.69397638	14539.99999978	14449.14448982	15034740.981686	1037.87883853	14486.02710021
23	2018-01-04 16:00:00	15064.37	14350.00000002	14479.99999996	14990.57200279	18652850.16466	1261.9674421	14780.769727
24	2018-01-04 20:00:00	15217.39	14633.18949809	14989.99999993	15167.62803252	21327484.143722	1423.31614689	14984.36183016
25	2018-01-05 00:00:00	15183.99999988	14772.4649684	15167.62803252	14947.13999999	14491505.808247	963.98303901	15032.9468692
26	2018-01-05 04:00:00	15066.04335202	14779.56374999	14947.14	14948.99999555	9598285.2733634	643.09178484	14925.2182964
27	2018-01-05 08:00:00	16270.86533577	14902.23188025	14948.99999555	16102.82321222	34855045.205758	2200.36947635	15840.5420455
28	2018-01-05 12:00:00	16164.99999999	15757.05693544	16104.99999999	16039.99999999	18879676.973915	1180.71224188	15990.0747229
29	2018-01-05 16:00:00	16755.70802568	16036.8317601	16039.99999999	16444.99999996	27343340.086535	1666.10696691	16411.51536461
30	2018-01-05 20:00:00	17108.0	16276.42806814	16445.0	16924.0	21904082.459227	1304.62600869	16789.54912237
31	2018-01-06 00:00:00	17105.53248844	16511.555	16923.99999996	16580.97069499	19100470.536767	1135.31430292	16823.9495333
32	2018-01-06 04:00:00	16700.0	16372.00177263	16555.00000011	16513.24644196	11083542.829545	670.17624656	16538.25077572
33	2018-01-06 08:00:00	16731.39873926	16325.00000031	16509.01999986	16535.00000003	11356048.202295	686.9261701	16531.68665948
34	2018-01-06 12:00:00	16690.87799992	16200.0	16544.62853975	16622.00427849	12297460.896179	748.55336066	16428.30229943
35	2018-01-06 16:00:00	17019.99999999	16534.15120071	16619.68499989	16746.92362323	11712616.634641	696.15568106	16824.70883065
36	2018-01-06 20:00:00	17257.08719135	16700.0	16758.92362392	17158.72758957	10575087.228552	621.09289995	17026.57884094
37	2018-01-07 00:00:00	17177.44769997	16625.0	17158.7275	16744.18719317	10859036.225331	642.62036026	16898.05816444
38	2018-01-07 04:00:00	16796.0029971	16390.0	16744.18719313	16716.2126002	10454523.222423	629.78912374	16600.03774015
39	2018-01-07 08:00:00	16917.71506623	16600.0	16752.36799984	16606.00000003	7517958.0298168	449.04768318	16742.00382591
40	2018-01-07 12:00:00	16641.99999996	16300.0	16626.99999981	16480.53542395	10926677.974317	662.43358311	16494.75245958
41	2018-01-07 16:00:00	16480.58841125	15683.8615253	16477.88437275	16102.00000001	22554029.475586	1407.40358152	16025.2750325
42	2018-01-07 20:00:00	16490.0	15900.0	16139.99999989	16174.43357169	10623322.178229	654.74364027	16225.16283449
43	2018-01-08 00:00:00	16277.49999996	15510.0	16170.7066618	15591.21251879	13892046.306713	874.89004686	15878.61966949
44	2018-01-08 04:00:00	15956.84476314	15510.99999896	15639.99999906	15904.99999974	8030296.7897409	508.68138854	15786.49616568
45	2018-01-08 08:00:00	15909.99999983	15119.0	15880.00000004	15498.99999988	17926636.464966	1165.11195057	15386.19225062
46	2018-01-08 12:00:00	15550.00000043	13268.188	15498.99999988	14451.00000004	56510381.299093	3920.7633319	14413.10696805
47	2018-01-08 16:00:00	15108.06163472	14400.00000001	14475.49740475	15092.94012919	19105547.232936	1291.94829444	14788.16707693
48	2018-01-08 20:00:00	15140.01000086	14429.62019023	15092.94012917	14922.81071439	16921325.184374	1146.02165521	14765.27525238
49	2018-01-09 00:00:00	15427.83421139	14830.92358269	14915.08478054	15242.40137408	12937643.497598	851.82746361	15188.10328416
50	2018-01-09 04:00:00	15332.72669998	14772.45405017	15242.40137403	15100.00000007	10571170.401905	701.35513546	15072.49304586
51	2018-01-09 08:00:00	15281.77454604	14386.00000011	15134.64579152	14796.99999998	14945173.098558	1011.09006899	14781.24803805
52	2018-01-09 12:00:00	14890.41080408	14110.83932393	14796.99999999	14670.00000006	15463818.641896	1068.53187439	14472.02372949
53	2018-01-09 16:00:00	15000.003002	14578.77879952	14691.97092636	14700.00000032	9701565.1599512	654.23802613	14828.80048617
54	2018-01-09 20:00:00	14799.26273139	14170.0	14685.84805669	14388.06253537	15487272.668665	1070.2449057	14470.77447991
55	2018-01-10 00:00:00	14483.06709873	13852.41261562	14388.06253538	14099.99999987	14859659.894358	1050.24192065	14148.79715062
56	2018-01-10 04:00:00	14400.0	13998.99999997	14099.99999987	14105.33283076	14984645.831337	1058.25361502	14159.78704788
57	2018-01-10 08:00:00	14100.33283028	13270.0	14088.88	13976.52284877	27419520.395772	2011.29449187	13632.77257836
58	2018-01-10 12:00:00	15000.00000006	13500.00000028	13983.52284878	14378.03952289	24641382.501848	1747.04092606	14104.63952748
59	2018-01-10 16:00:00	14716.60620666	14256.0	14380.05082311	14337.87243358	15053137.507834	1039.79557739	14477.01628585
60	2018-01-10 20:00:00	14912.42039637	14185.36885654	14359.44838301	14854.0	12795668.42353	883.08565502	14489.72514816
61	2018-01-11 00:00:00	14931.00000004	13051.48251063	14854.0	13226.71	20579714.164345	1478.31494388	13921.06211842
62	2018-01-11 04:00:00	13626.99999993	12593.46211929	13226.70807678	13546.50468573	38840453.783675	2948.16456166	13174.45243348
63	2018-01-11 08:00:00	13841.00020153	13095.0	13538.59641128	13449.99999998	16779115.471031	1244.16662634	13486.22854511
64	2018-01-11 12:00:00	14300.00000099	13449.99999999	13449.99999999	13999.65346376	23634085.059954	1706.6587073	13848.16129836
65	2018-01-11 16:00:00	14162.806	13166.0	13978.83841417	13368.05303275	16412123.021955	1195.56940223	13727.45320459
66	2018-01-11 20:00:00	13592.97474469	12886.89475111	13353.28000174	13291.67567771	15554448.244564	1177.00612471	13215.26533975
67	2018-01-12 00:00:00	13699.62907267	12600.0	13255.00000168	13629.99999999	16597728.894415	1256.83174898	13206.00701556
68	2018-01-12 04:00:00	13819.90161419	13388.47887466	13629.99999999	13629.09039978	11216284.85804	821.91555275	13646.51735876
69	2018-01-12 08:00:00	14119.63214537	13315.00000002	13615.00000003	13958.30935093	14432221.94568	1047.39789561	13779.12062471
70	2018-01-12 12:00:00	14057.63184204	13555.0	13949.0	13580.00000007	9798843.6377327	707.08979153	13857.99053403
71	2018-01-12 16:00:00	13800.0	13365.92346236	13580.00000007	13749.9999982	8506642.0153684	627.43289688	13557.85145737
72	2018-01-12 20:00:00	13965.52539135	13566.79960119	13749.99999822	13812.52734302	7082976.5004165	514.5924754	13764.24421074
73	2018-01-13 00:00:00	14247.0	13758.0	13812.52734302	14129.99999994	10966630.007244	780.75363706	14046.2105928
74	2018-01-13 04:00:00	14373.99999996	14053.119575	14135.16740947	14348.99999992	8331549.1978644	588.14929807	14165.70456719
75	2018-01-13 08:00:00	14349.41045705	14066.02599357	14349.41045705	14250.0	4994380.1431871	351.54322595	14207.01573665
76	2018-01-13 12:00:00	14591.36669224	14150.0	14225.00000128	14245.00000001	9870071.5912744	686.00836328	14387.68405691
77	2018-01-13 16:00:00	14395.58575161	14000.1	14250.0	14103.4653988	6905489.5128747	484.82068477	14243.38880291
78	2018-01-13 20:00:00	14367.93956295	14026.99946587	14103.46539879	14204.99999789	5516520.042939	388.46117431	14200.95599705
79	2018-01-14 00:00:00	14449.0273932	14137.2055424	14178.00000001	14229.41831351	5633788.9152559	395.22332613	14254.6973895
80	2018-01-14 04:00:00	14262.14230691	13586.0	14229.41831351	13727.0	9284493.2877003	672.93828535	13796.94615364
81	2018-01-14 08:00:00	13812.0	13341.0	13727.0	13440.62719937	9823802.804198	726.81944319	13516.15300917
82	2018-01-14 12:00:00	13640.69825642	12853.99999974	13449.0	13089.0	24137531.299427	1833.72041174	13163.1469797
83	2018-01-14 16:00:00	13468.0	12911.00000001	13088.99999942	13268.59334157	10339830.669613	782.76600312	13209.35072345
84	2018-01-14 20:00:00	13678.92105912	13221.06249993	13268.59334157	13560.0	6419239.2961267	477.46418916	13444.44136725
85	2018-01-15 00:00:00	13778.228	13304.02596262	13560.0	13469.2494199	6726807.7193428	496.67865003	13543.58138594
86	2018-01-15 04:00:00	13795.9999999	13444.74170356	13469.24941984	13619.99999997	4939600.0097145	362.3280401	13632.94987699
87	2018-01-15 08:00:00	13840.0	13486.50495695	13603.94633497	13760.67701812	9849253.7789878	721.34078779	13654.09241471
88	2018-01-15 12:00:00	14300.0	13646.11054223	13773.83942792	14051.0	12652667.509984	898.90874747	14075.5861433
89	2018-01-15 16:00:00	14189.99999944	13749.2286	14051.0	13829.55782445	9902770.2902808	709.19152454	13963.46395524
90	2018-01-15 20:00:00	13980.0	13448.0	13857.0680032	13580.0	9464186.1162095	691.28445798	13690.72602017
91	2018-01-16 00:00:00	13589.88232828	12670.91000001	13580.0	12865.18820667	26146023.363561	2003.63421633	13049.29969276
92	2018-01-16 04:00:00	13187.0	12370.00000004	12871.30377158	12394.63999999	14131274.739042	1100.11903737	12845.22334312
93	2018-01-16 08:00:00	12541.0	10957.867	12394.63999999	12065.0	59509062.718195	5103.05618102	11661.45552924
94	2018-01-16 12:00:00	12080.09999903	11300.18870751	12070.0	12009.3931729	23470597.847298	2001.58481946	11726.00712151
95	2018-01-16 16:00:00	12000.76139449	10805.0	12000.76139449	11303.33367175	22454583.572502	1990.51219165	11280.80685297
96	2018-01-16 20:00:00	11432.0000002	10000.0	11303.3336717	11102.69798098	52491698.372198	4908.32770265	10694.41601135
97	2018-01-17 00:00:00	11600.12523891	10222.05094739	11041.42197477	10728.90354723	26331960.966392	2416.52136878	10896.63898965
98	2018-01-17 04:00:00	11265.25391399	10344.65111115	10712.72492707	10870.0	16105571.498207	1480.81674733	10876.1408373
99	2018-01-17 08:00:00	10910.62189603	9693.03240362	10864.00000144	9959.99999986	26125096.334004	2571.28399269	10160.33095071
100	2018-01-17 12:00:00	10466.4051331	9150.28999997	9959.99999985	9506.99999983	34820982.996757	3596.11534334	9682.94386364
101	2018-01-17 16:00:00	10658.08592971	9477.5761813	9506.99999983	10469.99999995	22995289.746915	2294.16932152	10023.36206452
102	2018-01-17 20:00:00	11800.0	10350.0	10468.953	11036.11532467	44292925.298025	3994.88028253	11087.42244209
103	2018-01-18 00:00:00	11691.52084378	10745.0	11088.99122314	11206.8146255	26154152.880636	2310.71168476	11318.65695453
104	2018-01-18 04:00:00	11457.73130358	10400.0	11199.99999997	10527.13681162	18062048.075248	1653.26295325	10925.09091777
105	2018-01-18 08:00:00	11600.0	10500.74199759	10527.13681162	11456.00000001	12205933.976621	1088.93062059	11209.10161384
106	2018-01-18 12:00:00	11900.0	11350.0	11456.0	11784.48320674	24259107.304684	2075.63346589	11687.56801398
107	2018-01-18 16:00:00	11784.48320673	11075.60041772	11758.00000006	11642.047888	16134465.268968	1413.77686118	11412.31386083
108	2018-01-18 20:00:00	11805.99999995	10756.10499263	11642.047888	11010.00009	23008524.334461	2050.98569589	11218.27635393
109	2018-01-19 00:00:00	11385.9999999	10641.0	11010.00009	10900.69957836	10807720.243578	985.59605686	10965.66911804
110	2018-01-19 04:00:00	11394.29528545	10774.9481128	10900.69957819	11050.00000001	8267161.9197067	744.09948198	11110.29119078
111	2018-01-19 08:00:00	11700.0	10933.0	11050.00000001	11525.00362706	12163103.935935	1058.28697566	11493.20006357
112	2018-01-19 12:00:00	11750.0	11259.31279432	11579.99999984	11364.81205649	9948048.9742486	863.36000624	11522.48065968
113	2018-01-19 16:00:00	11562.45	10965.0	11364.81205629	11123.00000001	9402183.1531732	837.75605796	11223.05600041
114	2018-01-19 20:00:00	11420.99999998	10998.7194261	11130.00000001	11410.53924928	10058854.191894	899.61420521	11181.29764252
115	2018-01-20 00:00:00	11749.0844665	11406.70000101	11412.12	11630.00000001	8923634.6814739	770.38548992	11583.33691149
116	2018-01-20 04:00:00	12670.55682323	11550.0	11630.00000003	12625.23785675	22506131.024789	1832.76134291	12279.90273357
117	2018-01-20 08:00:00	12750.0	12305.0	12625.23785673	12331.3203949	13148471.223454	1048.20969457	12543.74128723
118	2018-01-20 12:00:00	12675.0	12270.04194486	12331.32039486	12530.99999946	10956520.013071	876.07501283	12506.37200309
119	2018-01-20 16:00:00	13400.0	12500.0000001	12501.24999981	12730.00000012	22546919.46646	1752.92861881	12862.42875181
120	2018-01-20 20:00:00	12950.99999996	12600.0	12730.00000035	12750.17487957	5367155.0729154	420.30992203	12769.51790001
121	2018-01-21 00:00:00	12750.17487364	12277.718249	12748.89985765	12477.16699395	8953186.6743912	717.36424995	12480.67028014
122	2018-01-21 04:00:00	12485.16699383	11650.0	12478.16699593	11899.86488767	18035922.725677	1496.87722265	12049.03278155
123	2018-01-21 08:00:00	12134.95669586	11600.00000039	11899.86488769	12134.95669586	12521341.476495	1058.55021171	11828.76479356
124	2018-01-21 12:00:00	12253.4288435	11452.43300299	12135.29526289	11500.0	14000163.138997	1183.41858958	11830.27143756
125	2018-01-21 16:00:00	11590.73523805	11124.81886247	11495.4756121	11449.99999996	15696113.671858	1386.7653883	11318.50694016
126	2018-01-21 20:00:00	11521.0691428	10950.0	11449.99999992	11510.0	8571170.1976456	765.23845799	11200.6526961
127	2018-01-22 00:00:00	11690.85661551	11205.00100388	11510.0	11475.0754188	6683004.2549042	583.61342529	11451.08039895
128	2018-01-22 04:00:00	11775.0	11350.000001	11475.0754188	11724.11061575	7662910.0745818	659.81111968	11613.79347213
129	2018-01-22 08:00:00	11896.06346557	11250.00000003	11725.28302694	11276.11449592	12922863.625621	1107.84388698	11664.87785643
130	2018-01-22 12:00:00	11356.92999999	10180.0	11256.03968144	10312.71832388	27524095.465356	2570.61436924	10707.20517037
131	2018-01-22 16:00:00	10719.99999999	10278.01532984	10312.71832392	10576.2725284	13729836.240669	1306.48523282	10508.98693361
132	2018-01-22 20:00:00	10878.0	9947.99999998	10562.54506	10767.0	23848925.732982	2325.0482592	10257.3895568
133	2018-01-23 00:00:00	11000.0	10592.00000001	10767.0	10839.6583656	6579088.2836532	609.68140534	10791.02663461
134	2018-01-23 04:00:00	10929.59999995	10113.49255818	10839.65836556	10219.87833048	9984921.3830916	959.84503358	10402.63900293
135	2018-01-23 08:00:00	10698.9	9880.00000009	10219.87833049	10164.12413712	11930696.532758	1158.84540652	10295.33056405
136	2018-01-23 12:00:00	10800.0	10011.86249249	10154.00000003	10772.3956258	14261508.094352	1372.92614703	10387.6731645
137	2018-01-23 16:00:00	11400.0	10745.00499993	10750.00000007	11000.56138967	22723903.407599	2042.57144622	11125.14494885
138	2018-01-23 20:00:00	11195.56138955	10735.40253332	11000.56138955	10807.7699848	6901251.576109	628.3332537	10983.42565107
139	2018-01-24 00:00:00	10910.0	10501.0	10829.99999963	10769.56054323	6819237.1855377	637.31546063	10699.93999329
140	2018-01-24 04:00:00	11095.83	10350.0	10777.40419575	10955.99990592	7674557.1640517	713.65400951	10753.89062736
141	2018-01-24 08:00:00	11213.83574349	10749.9573746	10919.00000007	11014.40222674	7371410.9514295	671.11996061	10983.74565514
142	2018-01-24 12:00:00	11516.79592154	10949.39597515	11046.35750942	11050.4	16791693.434313	1488.52169483	11280.78515256
143	2018-01-24 16:00:00	11246.99999996	10879.9999993	11050.4	11232.87499977	8743098.7947905	789.77805213	11070.32383491
144	2018-01-24 20:00:00	11402.0	11074.10432219	11211.00000013	11388.8	6017010.335865	537.19530899	11200.78719074
145	2018-01-25 00:00:00	11722.64501562	11258.73909267	11388.7838514	11635.0	6992368.4469292	609.35341189	11475.06243583
146	2018-01-25 04:00:00	11634.9554538	11353.40314913	11634.9554538	11422.4886464	6289019.4675088	546.33701168	11511.24550059
147	2018-01-25 08:00:00	11439.62809058	11120.00000001	11420.0	11169.00000001	6736962.0019584	596.95517937	11285.54074875
148	2018-01-25 12:00:00	11291.74538886	10921.00000001	11169.001	10970.0	8654454.1959946	778.87495116	11111.48096765
149	2018-01-25 16:00:00	11304.08080745	10890.0	10969.99999999	11227.96535597	9376512.665709	847.32778492	11065.98040638
150	2018-01-25 20:00:00	11372.0	11064.99999999	11215.67174174	11170.46487644	5946113.5401031	529.86287015	11221.98567795
151	2018-01-26 00:00:00	11635.62260994	11145.10147804	11167.46487651	11523.37919707	6857769.3046777	598.2556809	11462.94055137
152	2018-01-26 04:00:00	11550.0	11029.5208281	11548.02773678	11037.98999994	8172959.1442061	722.75869737	11308.00524981
153	2018-01-26 08:00:00	11053.99999988	10293.1857382	11037.9899999	10511.21298758	23379643.15	2213.04734387	10564.45684036
154	2018-01-26 12:00:00	11043.74041705	10370.00000004	10511.21298755	11023.52899923	16286766.285407	1523.96421433	10687.10546629
155	2018-01-26 16:00:00	11284.37928656	10855.23751951	11023.52899923	10918.00002799	8254994.5325904	745.21676424	11077.30653511
156	2018-01-26 20:00:00	11161.80190467	10732.4713222	10915.00000069	11079.309822	5088860.1273909	464.92421358	10945.569146
157	2018-01-27 00:00:00	11210.49879212	10877.222835	11079.309822	11017.00000011	4870895.1719652	441.06827594	11043.4040208
158	2018-01-27 04:00:00	11439.93	11000.20551916	11016.99999857	11226.78725316	7172849.7177187	638.92939812	11226.35730774
159	2018-01-27 08:00:00	11360.0	10824.81809367	11221.36240129	10972.0	6134250.7394411	551.92563032	11114.27047858
160	2018-01-27 12:00:00	11537.04268124	10904.93224935	10972.53102862	11500.41944188	7247750.3424619	644.83622523	11239.67615168
161	2018-01-27 16:00:00	11603.0	11386.64791194	11519.99999989	11500.0	10975927.373577	955.01375137	11492.95217773
162	2018-01-27 20:00:00	11650.0	11378.99999997	11499.99999999	11480.56138879	8530886.9150826	739.44864704	11536.82131846
163	2018-01-28 00:00:00	11624.20678152	11425.0	11480.56138955	11539.99999985	5372191.8894721	466.32407666	11520.29706025
164	2018-01-28 04:00:00	12200.0	11522.47970501	11539.99999984	11941.99999999	16185240.899119	1351.43527512	11976.33449199
165	2018-01-28 08:00:00	12035.56138936	11815.3526375	11941.99999997	11990.99000075	8731202.4060759	732.19244901	11924.73702491
166	2018-01-28 12:00:00	12074.5682561	11660.0001	11990.99000076	11766.648	8586755.5265723	725.14666147	11841.4053085
167	2018-01-28 16:00:00	11885.0	11717.49243848	11766.64799914	11885.0	5327236.4287994	451.31316131	11803.85790951
168	2018-01-28 20:00:00	11980.47579557	11810.999999	11872.39858574	11849.99989962	4676086.3238297	392.99025134	11898.73364004
169	2018-01-29 00:00:00	12000.0	11440.34416666	11849.99989962	11555.84402409	10056626.248021	859.47947104	11700.83357064
170	2018-01-29 04:00:00	11740.0	11276.99999604	11555.8440241	11304.50000003	6428561.9419034	559.18023652	11496.40406089
171	2018-01-29 08:00:00	11492.92255743	11113.16756561	11304.50000006	11235.00000001	6443519.2349539	568.86693513	11326.93576834
172	2018-01-29 12:00:00	11436.97993406	11193.18807577	11244.87536969	11396.99999988	4111515.2685699	363.30181732	11317.07872781
173	2018-01-29 16:00:00	11450.0	11221.0	11396.99999973	11224.00000003	4460416.7126503	392.8591328	11353.73048568
174	2018-01-29 20:00:00	11349.07283999	11100.0	11228.0	11227.0	4260815.4010324	379.89030738	11215.9097462
175	2018-01-30 00:00:00	11271.32887049	10826.5108069	11235.46599465	10970.39759961	6920140.4892763	627.50559571	11028.01399156
176	2018-01-30 04:00:00	11100.0	10910.00000001	10970.39759961	11097.26587923	3555519.9517174	322.70210693	11017.96324028
177	2018-01-30 08:00:00	11155.31960521	10851.00000001	11096.88311996	11013.00000016	5114479.2649223	465.80459751	10979.88146158
178	2018-01-30 12:00:00	11065.24314367	10224.42595026	11015.56138309	10322.99999938	18890329.167051	1790.12295447	10552.53166821
179	2018-01-30 16:00:00	10495.43134942	9850.0	10322.99999932	10350.0	23094852.504671	2277.16680394	10141.9239314
180	2018-01-30 20:00:00	10543.68019935	10026.58071741	10325.46243934	10181.53934991	9800224.8513243	955.97845433	10251.51226676
181	2018-01-31 00:00:00	10344.18449999	9700.46388593	10184.66464945	10014.59886075	13724383.290967	1377.47751601	9963.41728373
182	2018-01-31 04:00:00	10299.0	9791.7501656	10014.59886072	10273.99999997	5717528.8408055	567.87343023	10068.31546686
183	2018-01-31 08:00:00	10380.0	10022.45	10269.0	10288.58148394	5249739.2223652	514.56215448	10202.34227616
184	2018-01-31 12:00:00	10424.62688464	9879.48889988	10288.58148394	10007.00000011	9503168.2385315	938.52056793	10125.68990309
185	2018-01-31 16:00:00	10150.0	9848.99523884	10047.9898769	10069.0	4213685.2915255	420.69025099	10016.12298266
186	2018-01-31 20:00:00	10281.2044666	10051.021	10068.0	10261.25665107	3908384.6607494	385.00392265	10151.54503841
187	2018-02-01 00:00:00	10367.78412393	9980.0	10261.25665108	10050.0	5286764.1129056	518.40220933	10198.18977958
188	2018-02-01 04:00:00	10310.56138955	10009.99999994	10042.00810591	10109.24999959	3182384.9703457	311.88859966	10203.59504584
189	2018-02-01 08:00:00	10114.30462459	9500.0	10109.24999959	9590.0	10893496.462341	1119.82366985	9727.86765955
190	2018-02-01 12:00:00	9655.56138953	9250.0	9589.99999996	9312.53405687	9395691.403353	1000.08385476	9394.90359596
191	2018-02-01 16:00:00	9342.13405683	8949.98181818	9312.53405687	8985.37791746	13387406.002823	1472.55467841	9091.27939295
192	2018-02-01 20:00:00	9519.24999959	8820.0	8985.37791749	9199.57000007	15348793.80439	1661.8617923	9235.90269389
193	2018-02-02 00:00:00	9211.44851783	8751.0	9199.57000009	8851.04393852	11338893.069692	1273.83174476	8901.40563409
194	2018-02-02 04:00:00	8925.79999881	8510.0	8861.60642803	8685.01250185	12151746.22526	1393.06753891	8723.01298095
195	2018-02-02 08:00:00	8685.01250181	8200.0	8660.14763383	8265.00000174	20327929.01508	2409.51216521	8436.53304954
196	2018-02-02 12:00:00	9068.0	7966.88926862	8265.00000184	9050.00000004	37564641.525669	4371.88802368	8592.31556759
197	2018-02-02 16:00:00	9196.60038027	8510.19943894	9050.00000007	8672.90819997	13297142.660278	1502.00394614	8852.93457081
198	2018-02-02 20:00:00	9013.66129382	8534.00000005	8672.86819997	8872.00000009	5521548.2324629	628.25759654	8788.66927017
199	2018-02-03 00:00:00	8928.05551244	8207.79288033	8890.977208	8340.00000004	6067190.2619423	714.98245603	8485.78900191
200	2018-02-03 04:00:00	8800.0	8215.09645396	8342.80717482	8701.34773554	5763657.2376512	678.84234405	8490.42091756
201	2018-02-03 08:00:00	9100.0	8625.0	8709.99999972	9099.99999999	7634428.8353033	855.1561204	8927.52639334
202	2018-02-03 12:00:00	9474.47477864	8980.0	9100.0	9225.99999509	14720989.85044	1586.27608173	9280.21926321
203	2018-02-03 16:00:00	9419.44291651	9091.58452944	9208.99000016	9328.02934711	10298277.993488	1111.90244347	9261.8539099
204	2018-02-03 20:00:00	9497.134812	9025.0	9309.10564126	9216.41034089	6929951.5485495	750.44107505	9234.5045853
205	2018-02-04 00:00:00	9237.25080828	8915.51903482	9215.56138953	9199.99999999	4921487.3505758	541.1293659	9094.84433983
206	2018-02-04 04:00:00	9400.0	9044.99999991	9199.07999999	9193.99998894	3755932.50413	406.29540186	9244.33918507
207	2018-02-04 08:00:00	9213.30022185	8683.26002393	9212.37889303	8702.54586755	8954629.8004765	1010.35214276	8862.88000143
208	2018-02-04 12:00:00	8888.0	8315.0	8702.54586756	8392.95880682	11038255.819498	1284.75216441	8591.7394228
209	2018-02-04 16:00:00	8573.50137667	8159.9	8392.95880696	8224.53228995	10638465.102176	1271.45873509	8367.13359904
210	2018-02-04 20:00:00	8500.19872434	7900.05161	8224.53228997	8168.01000005	14381582.899419	1769.57375825	8127.14521356
211	2018-02-05 00:00:00	8334.78456401	7812.98885227	8195.26036052	8167.0180647	10638806.60164	1322.74524335	8042.97475657
212	2018-02-05 04:00:00	8369.99999998	7902.15870044	8167.0180647	7973.00000004	4890667.4009882	603.23235299	8107.43551261
213	2018-02-05 08:00:00	8053.51000068	7534.66682537	7990.99999997	7550.0	22857303.432053	2933.33270508	7792.26420258
214	2018-02-05 12:00:00	7800.00000001	7200.00000003	7550.00000013	7390.00932574	24144411.992287	3231.22209841	7472.22297228
215	2018-02-05 16:00:00	7500.714	6666.6666666	7374.23581465	6715.1	27355047.349712	3873.73929273	7061.66452684
216	2018-02-05 20:00:00	7465.72164917	6669.8	6715.1	6960.0	30497019.760376	4296.66042829	7097.8426779
217	2018-02-06 00:00:00	7138.64811656	6208.6434678	6957.00000001	6376.69223703	18760533.365977	2867.57801766	6542.29222376
218	2018-02-06 04:00:00	6666.0	6012.62120401	6376.05456772	6014.99739162	25751167.534236	4109.03004487	6266.9698817
219	2018-02-06 08:00:00	6962.43282196	6014.30000001	6014.99739159	6549.97499967	24228051.968111	3743.00725633	6472.88404988
220	2018-02-06 12:00:00	7470.18480755	6457.55000022	6549.97499987	7290.0	29708378.757997	4207.82700486	7060.26619527
221	2018-02-06 16:00:00	7618.4316166	6804.31086222	7290.0	7535.60900803	28795132.459415	3993.67070167	7210.19197886
222	2018-02-06 20:00:00	7921.69007689	7454.05577801	7535.60900801	7723.99999884	25879850.407335	3369.46148162	7680.70819283
223	2018-02-07 00:00:00	7806.0551927	7222.0	7719.43699777	7280.74664391	12088177.946859	1612.2744618	7497.5931414
224	2018-02-07 04:00:00	7788.0	7200.0	7280.0	7729.99999985	10366147.176637	1390.47019065	7455.13801471
225	2018-02-07 08:00:00	8340.0	7622.5005011	7717.39476172	8291.69999706	24807519.41824	3066.8643478	8088.88708626
226	2018-02-07 12:00:00	8640.0	8079.29771547	8291.69999677	8205.56138952	19024808.985729	2286.47402948	8320.58826841
227	2018-02-07 16:00:00	8469.26999986	7956.0	8205.2	8169.00000039	13157846.966749	1597.10703938	8238.55048053
228	2018-02-07 20:00:00	8270.56138936	7537.95986529	8164.3305952	7568.39928201	13455722.905609	1707.2170308	7881.67096675
229	2018-02-08 00:00:00	8147.75571997	7568.39928203	7584.00167162	8000.3603876	8748516.2700384	1112.24549938	7865.63422815
230	2018-02-08 04:00:00	8330.31111541	7880.97565746	8003.93258792	8330.31111537	5723843.4992556	705.59080276	8112.1288385
231	2018-02-08 08:00:00	8615.56138955	8153.45000108	8329.99999981	8491.54548496	10412561.001041	1236.16744298	8423.26099119
232	2018-02-08 12:00:00	8700.09999999	8217.50436098	8486.8486022	8256.30132774	15689391.215266	1852.72375285	8468.28416331
233	2018-02-08 16:00:00	8489.57999998	8073.0	8225.0	8411.0	10293184.99245	1248.17257424	8246.60403928
234	2018-02-08 20:00:00	8444.99166133	8134.69203651	8414.31844584	8250.0	6924768.3744557	836.64915119	8276.78886018
235	2018-02-09 00:00:00	8254.28850196	7860.0	8254.28850196	8108.58116681	7759654.9436417	969.25993863	8005.7522594
236	2018-02-09 04:00:00	8115.566532	7756.0	8108.58116737	8000.0	5272043.9371592	666.46195597	7910.49495013
237	2018-02-09 08:00:00	8366.87847891	7854.72234448	8000.0	8270.9900002	7061100.1427738	862.1313322	8190.28363666
238	2018-02-09 12:00:00	8500.0	8180.0	8278.74	8322.1710001	6951856.5950554	832.32548305	8352.32939111
239	2018-02-09 16:00:00	8744.99999999	8322.17100022	8334.01000211	8636.0	10186231.601884	1185.48556889	8592.45516706
240	2018-02-09 20:00:00	8738.5	8460.0	8636.0	8682.31340707	5615307.3962227	654.06489658	8585.24502015
241	2018-02-10 00:00:00	9010.0	8609.16257128	8682.31340707	8910.33983796	10285756.76974	1159.08571941	8874.02596503
242	2018-02-10 04:00:00	9069.99999984	8770.77427322	8910.33983796	8950.39081413	6369928.3739651	714.14764111	8919.62390867
243	2018-02-10 08:00:00	8944.89439989	8495.0	8943.99999998	8648.06603385	11839165.903605	1364.06094177	8679.35261619
244	2018-02-10 12:00:00	8780.0	8276.16430742	8648.06603378	8320.40799313	9571638.7021481	1122.26336698	8528.87030243
245	2018-02-10 16:00:00	8477.03998997	8222.0	8320.40799313	8435.0	8359024.9953175	1001.59089282	8345.74780505
246	2018-02-10 20:00:00	8589.4576342	8144.47445801	8435.0	8560.42138972	6644620.6579315	796.67071611	8340.48562795
247	2018-02-11 00:00:00	8560.42138972	8000.0	8544.23896512	8023.0	6218730.9631916	759.32735877	8189.78914873
248	2018-02-11 04:00:00	8151.0	7870.4999999	8023.0	7886.25930541	6585996.6548863	822.02108151	8011.95590116
249	2018-02-11 08:00:00	8198.0	7805.0	7886.25930541	8186.00855152	7283698.7827833	912.17468173	7984.98240377
250	2018-02-11 12:00:00	8460.56138951	8140.00000003	8185.8513372	8439.40181157	6625071.9883651	796.54497568	8317.26040668
251	2018-02-11 16:00:00	8495.56138955	8166.27368421	8439.40181156	8308.72103143	5564961.2726587	670.33299896	8301.78624846
252	2018-02-11 20:00:00	8350.0	8022.47000022	8308.72103141	8070.0	4493861.0158021	548.919358	8186.74173229
253	2018-02-12 00:00:00	8570.0	8070.0	8070.0	8488.58702677	4456586.1490848	533.91186322	8347.04462681
254	2018-02-12 04:00:00	8554.56138952	8320.0	8488.58702523	8490.60000008	4117549.7242779	487.22223375	8451.07106994
255	2018-02-12 08:00:00	8845.0	8483.35890798	8490.60000008	8645.0	8187853.5941272	936.55524008	8742.52072245
256	2018-02-12 12:00:00	8794.99999999	8520.0	8645.0	8650.67400002	5411203.4721066	625.63252236	8649.17228358
257	2018-02-12 16:00:00	8800.0	8625.0	8650.67400002	8795.99999988	4460593.8188562	511.85551969	8714.55644662
258	2018-02-12 20:00:00	9000.0	8739.00000002	8795.99999999	8910.0	6492497.631921	731.05850357	8880.95494439
259	2018-02-13 00:00:00	8943.49999999	8655.62205181	8889.00000164	8758.51709954	4280192.8953934	487.32795092	8782.982563
260	2018-02-13 04:00:00	8771.83290089	8493.48947986	8758.52000003	8650.01999991	7923378.0233042	919.5450822	8616.62813132
261	2018-02-13 08:00:00	8649.99999973	8355.0	8641.47272086	8505.0	7246210.6246646	856.03005649	8464.90210212
262	2018-02-13 12:00:00	8665.67403774	8450.0	8515.34002122	8479.00000056	5060537.4721821	590.64377994	8567.83334397
263	2018-02-13 16:00:00	8666.0	8479.0	8479.00000054	8623.5499924	3324797.202172	386.99678381	8591.27863916
264	2018-02-13 20:00:00	8731.63377639	8474.7	8600.00000678	8500.61835334	3458635.4595511	401.76951399	8608.50646731
265	2018-02-14 00:00:00	8731.63377639	8500.6183543	8523.09999763	8683.75874997	3191107.8124485	369.27778944	8641.48319693
266	2018-02-14 04:00:00	8900.0	8688.91471829	8700.0	8890.4600001	5000080.1616806	566.83073249	8821.11691389
267	2018-02-14 08:00:00	8935.5	8744.72212959	8891.3490461	8935.49999999	4845113.1590404	548.65022471	8830.96905975
268	2018-02-14 12:00:00	9300.0	8935.49999998	8935.49999999	9296.17083893	12877902.059655	1404.04075323	9172.02868223
269	2018-02-14 16:00:00	9361.63999984	9159.53236837	9296.51	9228.69684699	6469028.7411477	697.50306288	9274.55245061
270	2018-02-14 20:00:00	9485.88887924	9183.00000003	9228.69684847	9469.99998292	4880519.0121451	522.55547743	9339.7145814
271	2018-02-15 00:00:00	9710.90912528	9319.84000301	9456.2142096	9659.20997262	6022179.8433739	632.16986472	9526.20518543
272	2018-02-15 04:00:00	9844.0	9619.37333673	9659.20997262	9809.00000067	5846414.7554386	602.50385206	9703.53091594
273	2018-02-15 08:00:00	9940.1302436	9430.56163723	9822.0	9591.99999561	14535826.088338	1504.80516881	9659.60669834
274	2018-02-15 12:00:00	9880.0018885	9574.00000024	9591.99999558	9815.0000011	5595461.3180453	574.81111732	9734.43475507
275	2018-02-15 16:00:00	10198.5	9767.24972163	9824.10123441	10083.64335627	11254916.880978	1124.90986392	10005.17218486
276	2018-02-15 20:00:00	10142.10319613	9833.49015724	10083.64335631	10004.0	8350100.4501369	835.90972925	9989.23706466
277	2018-02-16 00:00:00	10279.99999999	9985.00000004	10010.0	10070.34209788	4798938.0212253	472.19775461	10162.98356858
278	2018-02-16 04:00:00	10144.0	9732.6706464	10070.34209788	9744.99999815	6877751.3423513	691.40865914	9947.44750652
279	2018-02-16 08:00:00	9990.00000001	9674.52416058	9732.6706464	9799.17640057	6480025.5542501	659.35857846	9827.77166467
280	2018-02-16 12:00:00	10128.56138951	9749.00000005	9799.31	10040.75000008	4425426.6307858	444.380701	9958.63821454
281	2018-02-16 16:00:00	10150.0	9880.0	10048.74502496	10030.0	4262835.4330515	426.31456093	9999.27242398
282	2018-02-16 20:00:00	10215.0	9950.0	10023.99999997	10161.00000514	3217257.3795581	318.33572867	10106.49163698
283	2018-02-17 00:00:00	10510.04	10045.0	10161.00000514	10468.99999994	7125078.1571323	689.80481055	10329.12216348
284	2018-02-17 04:00:00	10778.0	10461.1000007	10469.0	10721.6	6908162.083142	649.29237215	10639.52447226
285	2018-02-17 08:00:00	10850.73550013	10603.0	10721.6	10675.4696286	7613856.622973	709.2475154	10735.11920401
286	2018-02-17 12:00:00	10855.10000002	10512.0	10709.14719993	10732.5616171	6178641.6338221	577.7704064	10693.93926269
287	2018-02-17 16:00:00	10849.0	10686.7521856	10733.58467945	10706.0042561	4353679.5793507	404.54375557	10761.94977528
288	2018-02-17 20:00:00	11069.43999976	10652.99999949	10700.0	11049.0	9013604.3605098	827.0591465	10898.37939481
289	2018-02-18 00:00:00	11248.0	10760.00000001	11049.0	10792.44933177	10837316.07596	980.44007	11053.52219637
290	2018-02-18 04:00:00	10918.41993755	10381.0	10792.44933177	10573.00000149	11378544.122538	1073.81069176	10596.41537363
291	2018-02-18 08:00:00	10580.00000019	10080.0	10576.35319988	10570.0	11029932.587817	1066.62164005	10340.99831998
292	2018-02-18 12:00:00	10848.0	10386.9997	10560.0	10630.0	7257872.4551211	681.73277233	10646.21322269
293	2018-02-18 16:00:00	10850.0	10444.19184469	10630.0	10846.19936004	6138702.2670352	576.21656563	10653.46370304
294	2018-02-18 20:00:00	10849.99999996	10350.56453364	10849.99999996	10379.00000001	4587404.6355449	433.57541958	10580.40753322
295	2018-02-19 00:00:00	10655.43141542	10289.99999911	10399.99999946	10516.77110124	4249056.3944354	406.12348868	10462.47388508
296	2018-02-19 04:00:00	10859.9999991	10400.0	10521.22470001	10820.00000149	5793787.0187257	544.56597007	10639.27483015
297	2018-02-19 08:00:00	11042.24559212	10719.99990113	10820.00000175	10948.32814368	5258833.6632701	483.30397698	10881.00639297
298	2018-02-19 12:00:00	11200.0	10798.06373301	10940.00000003	11172.596265	7188843.98068	655.1830615	10972.26775707
299	2018-02-19 16:00:00	11246.98765432	10898.7233195	11172.596265	11127.19892771	7404016.8950897	668.22753658	11080.0834892
300	2018-02-19 20:00:00	11223.54878619	10990.00000001	11127.19892773	11155.99999985	3557839.1242862	319.75263225	11126.84858683
301	2018-02-20 00:00:00	11500.96570378	11152.43276121	11178.99999824	11424.33067561	8518811.3489421	748.182767	11386.00315949
302	2018-02-20 04:00:00	11646.98623218	11370.0	11424.0194964	11532.00000004	7490897.2434198	651.26019607	11502.15733837
303	2018-02-20 08:00:00	11560.0	11200.920001	11542.61025654	11400.44327982	6862973.0732505	604.85138284	11346.54440405
304	2018-02-20 12:00:00	11600.0	11375.84838815	11400.29100508	11510.0	7493763.8964883	652.83790666	11478.75118776
305	2018-02-20 16:00:00	11727.43055836	11490.64310756	11500.0	11650.00000065	7132009.958583	612.49807179	11644.13454844
306	2018-02-20 20:00:00	11777.0	11080.99999997	11650.00000104	11217.16508497	13953154.939413	1225.20945406	11388.3833439
307	2018-02-21 00:00:00	11272.56700835	10855.0	11217.16508497	10900.00000015	13918166.302062	1261.14198867	11036.16121507
308	2018-02-21 04:00:00	11128.27176429	10659.11000006	10900.00000022	11101.91909641	10482762.093945	965.25698552	10860.07379506
309	2018-02-21 08:00:00	11184.57708647	10856.56789	11101.9190965	10928.0	7363034.197279	669.99383522	10989.70439759
310	2018-02-21 12:00:00	11116.85613267	10370.64912734	10928.0	10568.63910051	15796162.077183	1484.27959234	10642.30900883
311	2018-02-21 16:00:00	10655.69469504	10319.70513051	10568.63910051	10399.9999993	10186461.987488	972.95757584	10469.58494433
312	2018-02-21 20:00:00	10549.0	10224.30217055	10399.99999927	10441.06050012	8630503.729021	835.85204485	10325.3964409
313	2018-02-22 00:00:00	10793.3358	10229.25	10441.06050012	10711.93500154	6018744.328646	570.20517898	10555.40102145
314	2018-02-22 04:00:00	10912.0	10540.0	10713.64280012	10622.94909948	4419782.071118	411.05711988	10752.2333451
315	2018-02-22 08:00:00	10670.24172128	10059.0	10605.12748071	10235.21310004	11412461.063097	1114.09162328	10243.73653353
316	2018-02-22 12:00:00	10322.27631877	9750.0	10235.21310087	9986.76929999	17201665.460536	1731.09977125	9936.8423162
317	2018-02-22 16:00:00	10074.0	9722.22419156	9986.6385845	10019.46799996	9856609.9273539	995.14220148	9904.72508621
318	2018-02-22 20:00:00	10149.0	9805.00000001	10019.46799996	9845.53808217	7666574.910898	768.7161745	9973.21920003
319	2018-02-23 00:00:00	9826.55515516	9559.9702306	9826.55515516	9799.99999839	9286438.5078215	958.67934074	9686.69930933
320	2018-02-23 04:00:00	9990.00000009	9690.99999946	9796.00990425	9877.64989834	4777693.1016808	484.68053881	9857.40651648
321	2018-02-23 08:00:00	10248.0	9853.0	9884.99999989	10198.99999993	8558176.310151	852.03156112	10044.43579402
322	2018-02-23 12:00:00	10405.49959884	10115.0	10198.9999998	10300.00000568	9276860.5604089	903.65067796	10265.98085595
323	2018-02-23 16:00:00	10310.08464736	9990.00000001	10310.08464736	10028.5237977	6745626.0754819	666.06020783	10127.6521194
324	2018-02-23 20:00:00	10213.4789575	9858.73012848	10025.03719999	10149.24000003	6337737.3696453	634.36461112	9990.68557506
325	2018-02-24 00:00:00	10445.0	10086.4137	10148.0	10406.99999999	4229467.9472408	409.20850015	10335.72847506
326	2018-02-24 04:00:00	10490.0	9930.00000004	10406.99999998	10105.00000135	7565748.2215114	742.50033997	10189.55522877
327	2018-02-24 08:00:00	10136.56138955	9669.6996014	10105.00000109	9770.0	9351208.2567459	950.91284478	9833.92779693
328	2018-02-24 12:00:00	9834.99999999	9565.0	9760.00000118	9744.42999966	7929379.4292624	815.87069795	9718.91679549
329	2018-02-24 16:00:00	9789.00000158	9520.0	9740.43	9552.93066383	4496708.5805188	466.75399673	9634.0012341
330	2018-02-24 20:00:00	9710.50852324	9360.00000009	9552.93066633	9700.0	8200291.4136115	860.61795782	9528.37590605
331	2018-02-25 00:00:00	9774.0	9479.9999006	9690.61347383	9571.62392843	3867540.0496918	401.62992454	9629.61127491
332	2018-02-25 04:00:00	9844.99999999	9551.19390053	9571.62392846	9706.664969	3555612.9607045	364.36585807	9758.35930275
333	2018-02-25 08:00:00	9797.0	9533.77883167	9730.88360839	9648.30447181	3301408.916335	341.61352388	9664.16340558
334	2018-02-25 12:00:00	9699.99999997	9247.71854949	9648.3044721	9412.56482792	5214864.6499405	554.08938861	9411.59451369
335	2018-02-25 16:00:00	9512.7873783	9276.62280424	9401.71000001	9453.97444546	4885796.4244384	520.85024218	9380.42459957
336	2018-02-25 20:00:00	9674.57489	9440.32163191	9454.81630004	9559.19777954	4171096.7658976	435.95890509	9567.63749334
337	2018-02-26 00:00:00	9774.02725799	9525.42058808	9560.19775733	9622.99657835	2890376.5279493	299.20912691	9660.05468415
338	2018-02-26 04:00:00	9676.32588382	9394.84238399	9612.98528808	9465.74859899	2703968.5891687	283.34986557	9542.86173289
339	2018-02-26 08:00:00	9748.0	9358.52927553	9454.67630014	9736.49999996	6152667.5339042	648.18596409	9492.13323763
340	2018-02-26 12:00:00	10334.0	9635.84056972	9736.49999995	10239.54	13630687.408184	1348.00404707	10111.75555281
341	2018-02-26 16:00:00	10394.80039051	10130.0	10249.99999995	10230.77453598	7464504.3979616	730.18898475	10222.70200435
342	2018-02-26 20:00:00	10455.0	10166.65914862	10225.65914868	10338.04883746	4602633.2201115	445.55496703	10330.11314135
343	2018-02-27 00:00:00	10424.561389	10121.0	10330.5116	10285.08148814	5453948.167048	529.75135168	10295.29825596
344	2018-02-27 04:00:00	10659.02150003	10226.99512669	10270.74916571	10651.0	5684413.7418924	546.15290109	10408.0995094
345	2018-02-27 08:00:00	10780.0	10591.61660023	10651.0	10700.32929064	8619211.971775	805.77226676	10696.8337424
346	2018-02-27 12:00:00	10879.0	10490.0	10707.98649868	10570.00000352	9390839.063878	879.46054727	10677.95376725
347	2018-02-27 16:00:00	10757.56138942	10552.0	10587.99999982	10700.99999828	3843032.4709202	361.39827278	10633.7875977
348	2018-02-27 20:00:00	10815.59603966	10566.0	10683.769298	10589.17434034	3861441.0096873	360.60315884	10708.28392659
349	2018-02-28 00:00:00	10973.67405523	10566.0	10588.1532	10900.58849445	3913665.577546	362.69217223	10790.59841154
350	2018-02-28 04:00:00	11074.0	10648.1055	10900.00000307	10745.99999739	7103552.0742778	653.69641356	10866.74475631
351	2018-02-28 08:00:00	10795.00000001	10469.32778879	10745.99999747	10563.20350026	7390790.9960608	697.33108111	10598.68288718
352	2018-02-28 12:00:00	10600.0	10376.69100068	10563.20350023	10505.0	6145068.2087522	586.19419763	10482.99050655
353	2018-02-28 16:00:00	10570.00000251	10405.0	10519.3739696	10548.0	3397520.6576365	323.96845862	10487.19579711
354	2018-02-28 20:00:00	10698.99999998	10252.00000001	10548.0	10322.06729641	5775815.0720966	550.83629751	10485.53825919
355	2018-03-01 00:00:00	10442.09420648	10201.12439999	10322.06729641	10362.71244954	3041475.9045504	294.41985923	10330.40336512
356	2018-03-01 04:00:00	10560.0	10328.0	10362.71244954	10536.24637096	3665131.0247254	351.14389621	10437.68968871
357	2018-03-01 08:00:00	10750.0	10536.24637097	10536.24637097	10675.99999247	4707841.1230593	441.42181142	10665.17557869
358	2018-03-01 12:00:00	10829.99999999	10624.39211769	10675.99999203	10732.99199692	5282105.2524549	491.83955768	10739.48845711
359	2018-03-01 16:00:00	10960.0	10700.0000016	10732.99199692	10909.0	5324810.1494932	490.92358985	10846.51513918
360	2018-03-01 20:00:00	11080.0	10820.00000001	10909.0	10936.78449799	5796181.6771819	528.86189771	10959.72635253
361	2018-03-02 00:00:00	11193.00000028	10920.54500017	10934.19799973	11120.0	6247035.7292461	562.86398699	11098.65948726
362	2018-03-02 04:00:00	11150.36276074	10900.0	11115.00000005	11099.99999934	4285299.3461465	388.05960391	11042.88955348
363	2018-03-02 08:00:00	11173.0	10833.9945991	11099.99999923	10900.02000459	4100923.2824714	373.78576438	10971.3201338
364	2018-03-02 12:00:00	11045.38118409	10777.00000001	10911.74547046	10846.39999996	4147569.3430554	381.37493182	10875.30667855
365	2018-03-02 16:00:00	10947.0	10787.0	10843.81349848	10920.557013	3125890.5798256	287.72564365	10864.13619645
366	2018-03-02 20:00:00	11140.0	10888.97470002	10927.9014265	11022.24380591	3527373.7575126	319.52863881	11039.30392796
367	2018-03-03 00:00:00	11383.0	11014.2716	11014.2716	11328.21993917	6032490.5130121	538.23294467	11207.95479494
368	2018-03-03 04:00:00	11418.99999704	11306.0	11329.35275729	11315.0	4666050.8070695	410.9695973	11353.76153789
369	2018-03-03 08:00:00	11380.35129499	11240.71340001	11314.10958307	11290.0	2625953.315641	232.21304335	11308.37991595
370	2018-03-03 12:00:00	11500.0	11290.0	11290.0	11490.18439741	3422049.5071461	299.10073602	11441.12700183
371	2018-03-03 16:00:00	11539.43999433	11457.0	11490.18439515	11479.99000446	2460476.2630203	214.06757871	11493.92298379
372	2018-03-03 20:00:00	11485.99999262	11255.00000001	11479.99	11441.00000065	4532457.1808392	399.35605252	11349.41401848
373	2018-03-04 00:00:00	11461.0	11161.87799991	11460.0	11180.0	3177633.4686422	281.06278828	11305.77792986
374	2018-03-04 04:00:00	11271.91113366	11081.0	11180.0	11164.0	2442291.825069	218.72349097	11166.11578499
375	2018-03-04 08:00:00	11300.0	11100.0	11162.56138953	11140.0	2770139.6749052	247.49500588	11192.70938439
376	2018-03-04 12:00:00	11262.55014795	11075.48434259	11140.0	11137.24745655	2576974.232063	231.22861493	11144.70297217
377	2018-03-04 16:00:00	11460.2854344	11095.01979568	11137.24745654	11402.499997	3898503.1608725	345.35337014	11288.44684298
378	2018-03-04 20:00:00	11547.36779581	11371.14694129	11401.14	11500.60520003	2782380.1236231	242.70190928	11464.18720758
379	2018-03-05 00:00:00	11590.0	11420.81690016	11514.6079455	11568.05507226	3230001.1984952	280.8812812	11499.52458453
380	2018-03-05 04:00:00	11625.51270569	11476.7322156	11579.99999962	11518.46068895	3467912.2621741	300.07222333	11556.92527515
381	2018-03-05 08:00:00	11600.06974898	11417.0	11539.99999999	11507.00000001	3762037.0116628	327.79321587	11476.86050084
382	2018-03-05 12:00:00	11571.49346107	11450.01790018	11507.0	11519.99999987	4254486.1536757	369.52580445	11513.36686759
383	2018-03-05 16:00:00	11690.0	11480.00000006	11510.15089021	11644.09302804	4257346.6960349	367.27281453	11591.78280451
384	2018-03-05 20:00:00	11700.0	11430.0	11661.77418745	11434.99999889	5929868.423453	510.42170831	11617.58664827
385	2018-03-06 00:00:00	11434.99999889	11176.0	11434.99999889	11267.11070846	6990013.7570221	619.54540115	11282.4883278
386	2018-03-06 04:00:00	11342.98988998	11229.76760005	11268.82649252	11285.0	3382512.2620173	299.7224549	11285.48164049
387	2018-03-06 08:00:00	11309.78918099	10865.0	11285.0	10940.00000292	9227939.5651479	835.97614624	11038.52018583
388	2018-03-06 12:00:00	11038.0	10799.99999766	10949.69999955	10970.65880063	5184043.473116	475.567112	10900.76109618
389	2018-03-06 16:00:00	10986.58060702	10558.97250033	10970.65880005	10717.9999979	7036625.3394693	653.91727772	10760.72705098
390	2018-03-06 20:00:00	10816.5	10582.29	10717.99999781	10734.02469622	5455132.9614893	509.65595416	10703.55975823
391	2018-03-07 00:00:00	10893.75963244	10674.76167178	10719.57445341	10731.00000107	2759182.1502902	255.69889054	10790.74744698
392	2018-03-07 04:00:00	10838.33107755	10430.0	10745.0	10509.0	6070838.490757	573.70794385	10581.75776688
393	2018-03-07 08:00:00	10639.97510489	10421.0	10524.99999995	10639.97510489	4682387.7910188	444.28958767	10539.04462531
394	2018-03-07 12:00:00	10731.7157	10524.0	10639.97510489	10674.1	4813266.2461712	452.53332895	10636.26906185
395	2018-03-07 16:00:00	10695.01	9424.0	10678.0	9841.70855624	31136738.641184	3160.4622974	9851.95699591
396	2018-03-07 20:00:00	10100.00000003	9699.99999999	9841.70855624	9909.60413712	7681833.5206878	774.68319243	9916.09679382
397	2018-03-08 00:00:00	10025.56138922	9495.99720033	9909.60413712	9546.10999756	10736691.41785	1097.3492425	9784.20634199
398	2018-03-08 04:00:00	10000.0	9512.68866332	9545.15538668	9945.0	3775976.6695829	385.95096899	9783.5657194
399	2018-03-08 08:00:00	10109.77083479	9838.62917334	9953.53138511	9938.16439959	3102197.6582109	310.64096421	9986.44099016
400	2018-03-08 12:00:00	9970.0242482	9668.3366611	9932.5231	9898.95142115	5307144.9717821	541.35204527	9803.50036201
401	2018-03-08 16:00:00	9898.96142115	9070.00000001	9898.95142115	9370.10000005	15152034.272696	1624.46162856	9327.41900843
402	2018-03-08 20:00:00	9451.12981698	9224.99999544	9370.10000005	9281.94370128	5080896.9285958	544.52741781	9330.83764455
403	2018-03-09 00:00:00	9410.56138943	8888.0	9298.62936256	8982.00000087	10162689.066751	1123.1321125	9048.52506098
404	2018-03-09 04:00:00	8987.07	8359.32039962	8987.06999999	8698.00000137	16290336.742588	1882.33248026	8654.33546593
405	2018-03-09 08:00:00	8976.31717171	8389.0	8698.00000137	8957.63102953	8940466.8552822	1031.31556557	8668.99245367
406	2018-03-09 12:00:00	9152.1596	8800.00000001	8957.63102952	8939.99999966	7783815.6929963	863.75167156	9011.63603994
407	2018-03-09 16:00:00	9065.09874129	8621.46443445	8940.89399981	8765.37757823	6923472.2547446	789.40341541	8770.51216094
408	2018-03-09 20:00:00	9338.00000074	8740.80080238	8766.25411775	9230.48866747	6391890.5517713	702.86712808	9094.02402874
409	2018-03-10 00:00:00	9400.0	9096.61966224	9215.90764284	9219.82477476	5162945.9781212	557.33692914	9263.5992847
410	2018-03-10 04:00:00	9509.99999995	9195.20627126	9235.01729878	9339.7966441	7492877.372058	795.25286906	9422.00608583
411	2018-03-10 08:00:00	9414.55039999	9166.0	9339.7966433	9342.0	3801490.9278372	409.61679271	9280.60322597
412	2018-03-10 12:00:00	9500.0	9200.00000001	9342.0	9348.0000012	5467141.838938	583.22228054	9374.0277444
413	2018-03-10 16:00:00	9418.8160997	8960.35576896	9351.78892624	9090.55530984	6640384.5375037	727.91218973	9122.50767495
414	2018-03-10 20:00:00	9104.54040084	8680.0	9090.55531003	8760.7768	5920931.359952	671.45878356	8818.0116262
415	2018-03-11 00:00:00	8769.0	8443.78491653	8768.99999999	8600.00000004	5877042.9691517	684.30032183	8588.39720173
416	2018-03-11 04:00:00	8832.0	8571.42857143	8611.5191999	8687.9088001	2853132.900122	327.24133281	8718.74245109
417	2018-03-11 08:00:00	9088.0	8530.00000002	8699.72749972	9060.0	4330984.6072613	495.20426951	8745.85473898
418	2018-03-11 12:00:00	9382.0	9018.46220459	9059.99999981	9070.37349478	7560847.0369289	823.51400976	9181.20025563
419	2018-03-11 16:00:00	9698.54820479	9057.92450018	9058.1999	9654.99999595	9084865.043033	958.91707744	9474.08827808
420	2018-03-11 20:00:00	9726.22913411	9422.51243784	9654.99999581	9523.53110032	5340768.5603277	558.64955535	9560.14107445
421	2018-03-12 00:00:00	9700.0	9317.41369498	9530.0	9420.99999908	5092469.608158	533.75214648	9540.88829757
422	2018-03-12 04:00:00	9693.36180149	9373.8949992	9426.98349775	9600.0	4130309.8092476	432.1764835	9556.9980481
423	2018-03-12 08:00:00	9900.00000191	9502.80181123	9610.36059952	9833.85904403	5225777.16033	535.60849646	9756.71072223
424	2018-03-12 12:00:00	9847.46371113	9112.25	9831.79296846	9170.0	11690390.140427	1234.70989692	9468.12702286
425	2018-03-12 16:00:00	9284.53199999	8850.0	9170.0000004	8925.13621207	8592380.1434291	945.25564222	9090.00672373
426	2018-03-12 20:00:00	9219.67199997	8777.22362708	8925.13621207	9101.30580003	5468818.4627915	606.42908776	9018.0675254
427	2018-03-13 00:00:00	9260.0	8950.0	9127.58779987	9028.99999983	4115999.8244128	451.31436485	9120.02839923
428	2018-03-13 04:00:00	9478.99999999	9020.09999998	9034.48490253	9208.19999986	5829262.2991245	625.88481692	9313.63430065
429	2018-03-13 08:00:00	9374.00737442	8882.0	9192.00000004	9041.63889998	4510984.1126037	495.54360021	9103.10235202
430	2018-03-13 12:00:00	9251.15807129	8829.32583225	9046.5311	9075.00000195	8034406.6400887	887.2863907	9055.03197648
431	2018-03-13 16:00:00	9287.41	8966.83365826	9082.99999996	9056.87959967	4690484.5324824	513.52640585	9133.87214182
432	2018-03-13 20:00:00	9245.00000003	8997.70033473	9051.08630013	9121.00715914	2509819.2006644	274.9696325	9127.62321368
433	2018-03-14 00:00:00	9350.0	9119.42343126	9125.999996	9250.00000012	2336779.9189121	252.16054293	9267.03239039
434	2018-03-14 04:00:00	9260.61528685	9035.0	9250.00000012	9069.82390214	4008192.1249083	438.77484536	9134.96333551
435	2018-03-14 08:00:00	9129.79999663	8607.62217461	9085.93335642	8676.0	8202933.7936706	927.5165522	8843.97564034
436	2018-03-14 12:00:00	8789.97754803	8577.0	8676.0	8734.31999989	10130568.087203	1170.38965977	8655.72247895
437	2018-03-14 16:00:00	8731.11352456	8200.00000001	8731.11352456	8287.87242428	14065896.856212	1684.30295884	8351.16793115
438	2018-03-14 20:00:00	8337.79647976	7935.0	8276.00999956	8187.99998872	9910513.8294869	1219.98360887	8123.48113321
439	2018-03-15 00:00:00	8249.85216485	7750.0	8187.99998827	7869.12756012	6696997.6229107	843.7775274	7936.92342523
440	2018-03-15 04:00:00	7967.2737306	7648.0607857	7897.47069993	7869.9999994	12753535.129195	1630.42488232	7822.21571045
441	2018-03-15 08:00:00	8279.05484596	7801.0	7869.99999941	8248.0	8551529.452699	1050.02910999	8144.0879794
442	2018-03-15 12:00:00	8437.0	7940.8602563	8239.89000229	8100.00000274	10222894.623316	1244.04121991	8217.48866493
443	2018-03-15 16:00:00	8346.81321499	7960.00000001	8109.39419996	8220.0	6061876.9263973	744.47414691	8142.49487582
444	2018-03-15 20:00:00	8370.0	8150.00000022	8218.6711	8259.8224	3382202.5354731	409.43315002	8260.69539144
445	2018-03-16 00:00:00	8326.5999	7906.94368489	8250.0	8017.96270006	3872402.7804441	479.38305351	8077.88834438
446	2018-03-16 04:00:00	8290.0	8012.14510007	8024.69389986	8249.00000001	5621372.7160175	684.6422542	8210.67160481
447	2018-03-16 08:00:00	8280.0	8042.33919862	8249.0	8201.35620131	3712490.3493524	455.56056646	8149.27942117
448	2018-03-16 12:00:00	8578.99	8143.62928027	8207.51840974	8540.15988528	8188913.2536178	971.85549253	8426.06057851
449	2018-03-16 16:00:00	8589.58559982	8439.85361813	8542.3447	8540.0	5983714.4350302	702.25572959	8520.70575276
450	2018-03-16 20:00:00	8572.50180394	8250.2137	8544.89739825	8258.66373104	2914592.2005014	344.93580917	8449.66548273
451	2018-03-17 00:00:00	8318.5749	8050.0	8258.66373104	8199.99999934	5183503.5630577	634.69638583	8166.90259907
452	2018-03-17 04:00:00	8233.00000014	8096.63857257	8199.99999935	8187.5	2435424.4802113	298.15134091	8168.41699513
453	2018-03-17 08:00:00	8353.70899998	8150.40503588	8193.49999985	8177.5181664	3321477.1217472	402.20353025	8258.19982157
454	2018-03-17 12:00:00	8181.70224218	7831.00388929	8181.70224218	7894.19999216	9790451.0572229	1231.55208791	7949.68491656
455	2018-03-17 16:00:00	7978.28975762	7723.14847086	7894.2	7812.0	6236766.6645546	794.8483756	7846.48601671
456	2018-03-17 20:00:00	8050.0	7750.18590543	7815.0	7850.0	5841863.3712944	740.63139578	7887.67989661
457	2018-03-18 00:00:00	7879.29639891	7540.0	7852.75469967	7660.2399	8843695.0147918	1155.06415345	7656.45352976
458	2018-03-18 04:00:00	7760.0	7530.0	7658.13367272	7667.99233033	3020117.8148836	394.19174456	7661.5450642
459	2018-03-18 08:00:00	7815.0972	7537.49884148	7667.99233032	7781.1494513	5245622.1421718	679.81004677	7716.30570494
460	2018-03-18 12:00:00	7817.80861244	7321.0	7766.34909732	7371.08368857	11471716.006356	1532.72036607	7484.54594869
461	2018-03-18 16:00:00	7566.11480152	7326.00000001	7371.08368857	7453.74590586	8528613.1471116	1146.49322192	7438.86922665
462	2018-03-18 20:00:00	8325.94657268	7453.74590764	7453.74590764	8200.0	12160463.503472	1518.75451919	8006.86572439
463	2018-03-19 00:00:00	8450.0	8102.0	8208.6373	8177.99999	5447182.9343618	657.48616725	8284.86317384
464	2018-03-19 04:00:00	8365.85076632	8160.51411553	8172.8757	8303.9303999	3493104.6845442	421.70534229	8283.28298042
465	2018-03-19 08:00:00	8403.61269999	8100.99999999	8300.33809999	8338.68419118	4630243.4283887	562.50880087	8231.41508404
466	2018-03-19 12:00:00	8698.0	8226.80642883	8338.6841904	8555.57620025	7677191.2272397	900.94174851	8521.29589947
467	2018-03-19 16:00:00	8623.99999999	8250.0	8556.43310002	8374.00000299	4976980.1696848	593.34569394	8387.99408256
468	2018-03-19 20:00:00	8615.27769294	8375.0	8375.45150001	8611.0	4642500.8053598	548.5781149	8462.78894338
469	2018-03-20 00:00:00	8660.00000001	8407.92178284	8609.4422	8598.4504001	4437113.433547	520.90628164	8518.06474588
470	2018-03-20 04:00:00	8600.50192285	8365.0	8590.00000002	8376.09000026	3345083.8369963	394.51320395	8479.01617361
471	2018-03-20 08:00:00	8560.0	8306.81315698	8375.00000001	8520.0	2494529.8189202	296.39277659	8416.29761568
472	2018-03-20 12:00:00	8600.0	8426.08224416	8520.0	8507.13509979	3171394.5105963	372.13809661	8522.09042687
473	2018-03-20 16:00:00	8950.0	8509.74460003	8514.00000021	8948.99999574	12430628.23605	1410.27983077	8814.29909499
474	2018-03-20 20:00:00	9039.68000007	8828.90681121	8948.99999926	8886.88859654	5217329.5325395	583.30690577	8944.39870491
475	2018-03-21 00:00:00	9076.0	8858.99999869	8885.99999656	9033.53810001	2262125.6389895	252.53425117	8957.6983261
476	2018-03-21 04:00:00	9152.87339	8900.0	9043.99999887	8930.0	7189650.3081988	792.55836423	9071.44588043
477	2018-03-21 08:00:00	9130.12197755	8891.75	8930.00899146	9070.14810468	2277734.8657574	252.80918436	9009.6998316
478	2018-03-21 12:00:00	9176.43934596	8988.59952602	9087.42812888	9037.89999998	4788593.3497294	527.60376564	9076.11670269
479	2018-03-21 16:00:00	9049.99999999	8759.87579422	9047.33047102	8850.00000001	7812979.5274087	880.93677728	8868.94466085
480	2018-03-21 20:00:00	8964.0	8795.21471913	8855.0	8905.70096672	2561337.9353542	288.33665533	8883.15060886
481	2018-03-22 00:00:00	9106.26756362	8871.30602806	8896.0	9026.25795261	2517370.5340633	279.17149466	9017.29074141
482	2018-03-22 04:00:00	9048.17500947	8911.0	9012.36439174	8944.17756968	2071841.7405881	230.74642701	8978.86813431
483	2018-03-22 08:00:00	9011.71026784	8622.0	8956.08996717	8629.00000193	6115805.1243278	700.13976048	8735.12042814
484	2018-03-22 12:00:00	8765.47081128	8480.11254304	8629.00000209	8600.00000001	8424736.3376498	981.65774212	8582.15238995
485	2018-03-22 16:00:00	8692.27432053	8558.0	8600.00000001	8603.98826703	2992699.7257565	346.63454342	8633.58768641
486	2018-03-22 20:00:00	8777.16584992	8530.47483992	8600.0	8712.00720381	3725980.5433876	428.78544895	8689.61517353
487	2018-03-23 00:00:00	8715.70817212	8331.70267231	8700.0	8396.24763159	4334472.1576278	511.94275473	8466.71257202
488	2018-03-23 04:00:00	8465.0	8340.0	8405.11135499	8390.05786309	2777597.6624401	330.83757939	8395.65344288
489	2018-03-23 08:00:00	8535.80539744	8386.57833339	8386.57833339	8501.49302124	3352524.2388148	395.76252683	8471.05021707
490	2018-03-23 12:00:00	8685.13340324	8270.0	8505.09382795	8629.91099185	7876278.780861	935.26620098	8421.42993364
491	2018-03-23 16:00:00	8720.99999998	8557.0	8629.91099185	8629.86766108	2677363.9642718	310.11046725	8633.58140734
492	2018-03-23 20:00:00	8907.7	8560.64076465	8629.86766107	8907.7	2212539.2947185	253.59897404	8724.55932873
493	2018-03-24 00:00:00	8969.18861378	8815.10000001	8908.42081826	8897.95665788	2933969.0998302	329.81617457	8895.77081431
494	2018-03-24 04:00:00	8966.0	8839.88115632	8897.8900637	8922.39764973	3156805.9835181	354.32688007	8909.30426417
495	2018-03-24 08:00:00	8925.60709104	8700.85266003	8921.42656119	8710.13686534	2749419.7317683	312.62331383	8794.67272637
496	2018-03-24 12:00:00	9000.0	8662.79383699	8710.13686534	8940.0	4619390.2958007	518.8675538	8902.83129474
497	2018-03-24 16:00:00	8949.79134905	8855.15000001	8949.79134905	8890.98732875	1657153.5072621	186.0947802	8904.88978509
498	2018-03-24 20:00:00	8965.00000001	8510.0	8893.93360102	8533.31390908	5199701.9113758	598.36544024	8689.84329925
499	2018-03-25 00:00:00	8600.0	8400.0	8533.31390907	8550.0	2904486.3551808	341.47208836	8505.77969382
500	2018-03-25 04:00:00	8585.936371	8330.0	8550.0	8472.0	5808131.815367	686.01645238	8466.46140222
501	2018-03-25 08:00:00	8578.99999967	8380.416	8472.0	8420.7601	1673003.9433153	197.1643974	8485.32476135
502	2018-03-25 12:00:00	8640.0	8373.24158366	8405.79195704	8481.3680498	2307110.0405065	270.77269564	8520.46782284
503	2018-03-25 16:00:00	8660.99248761	8475.0	8475.0	8606.90744514	1947218.4116465	226.79252547	8585.90206009
504	2018-03-25 20:00:00	8645.17634503	8390.00000001	8606.90744514	8454.81444718	2650860.6279642	312.45908826	8483.86469641
505	2018-03-26 00:00:00	8497.96079172	8346.082635	8459.4316022	8421.46020274	2341513.209032	278.40070718	8410.58642684
506	2018-03-26 04:00:00	8484.05458844	8383.56506051	8430.29878193	8418.14258792	1009913.8750636	119.81440489	8428.9854462
507	2018-03-26 08:00:00	8419.0	8056.0	8412.0	8093.69006735	8419008.625984	1026.34101152	8202.93502012
508	2018-03-26 12:00:00	8170.99999999	8020.0	8093.90606518	8064.09271449	3042513.4467049	375.96102354	8092.62997014
509	2018-03-26 16:00:00	8111.83233177	7840.0	8071.33314835	7925.25681947	5733982.848709	721.01552631	7952.64822944
510	2018-03-26 20:00:00	8260.0	7850.75932228	7925.25681947	8116.52304613	5887174.3162946	730.22374972	8062.1512496
511	2018-03-27 00:00:00	8200.0	7814.99999983	8141.49178806	7844.32319412	3982685.3110456	498.76336729	7985.11994312
512	2018-03-27 04:00:00	8034.80195047	7739.0	7844.344331	7927.59458409	4336147.1374967	552.2946399	7851.14832597
513	2018-03-27 08:00:00	8052.0	7827.5945842	7927.5945842	7917.23596779	3060587.4802087	385.86081762	7931.84314252
514	2018-03-27 12:00:00	8145.0	7870.07740442	7917.25775236	8050.00000003	4477453.0370419	556.61549291	8044.06829144
515	2018-03-27 16:00:00	8125.85402533	7828.0	8064.97780413	7884.84153994	3104590.135796	390.02987674	7959.87774512
516	2018-03-27 20:00:00	8029.542723	7758.30000001	7889.08639083	7782.71671273	2632360.6448394	332.75190312	7910.88080986
517	2018-03-28 00:00:00	7875.24085982	7731.0	7782.71671273	7860.0	2500289.5360835	320.65426119	7797.4623721
518	2018-03-28 04:00:00	7944.77787617	7814.4707506	7860.0	7873.14225195	1571205.915924	199.26056577	7885.18244868
519	2018-03-28 08:00:00	8100.1	7850.40533216	7870.65375846	8047.97963287	3213023.4022237	401.44286592	8003.68788435
520	2018-03-28 12:00:00	8053.04355674	7835.58343662	8048.00000001	7859.88142359	3704260.3191998	466.21637796	7945.36720354
521	2018-03-28 16:00:00	7954.7384641	7859.88142308	7859.88142308	7901.48123529	1192007.2842843	150.78517198	7905.33491212
522	2018-03-28 20:00:00	8004.77583242	7839.55287239	7910.05830931	7943.58381606	1668922.2482613	210.10798011	7943.16449754
523	2018-03-29 00:00:00	7966.5132066	7844.0	7943.54212629	7857.38542852	778232.3772557	98.52645884	7898.71458304
524	2018-03-29 04:00:00	7868.37689899	7500.0	7857.38543082	7517.52190355	8408282.3645616	1103.05255163	7622.73959852
525	2018-03-29 08:00:00	7576.64710075	7440.0	7535.0216202	7461.23376245	3107535.2774509	414.77231113	7492.14736389
526	2018-03-29 12:00:00	7560.19123121	7340.0	7465.47569037	7468.0	5470930.9489125	736.491994	7428.36445403
527	2018-03-29 16:00:00	7563.5716031	7338.90260003	7459.60183188	7338.90260003	2741468.1473708	368.03701995	7448.89236344
528	2018-03-29 20:00:00	7367.77793899	6900.1	7338.90260003	7080.40276816	13983083.787267	1956.9453211	7145.36253849
529	2018-03-30 00:00:00	7159.281016	6687.54447997	7088.52145285	6855.31536371	9664115.6332263	1412.98915911	6839.48321253
530	2018-03-30 04:00:00	7256.13228633	6625.678745	6858.68029944	7224.35947632	8281548.4456383	1185.95867001	6982.99920145
531	2018-03-30 08:00:00	7269.21615741	6875.51469881	7221.85085271	7015.0	4599163.7025425	648.48001393	7092.22119995
532	2018-03-30 12:00:00	7043.95207141	6670.0	7014.00000019	6795.59624245	4182300.9234326	611.75488745	6836.563155
533	2018-03-30 16:00:00	6882.46727793	6590.53296207	6795.59624245	6810.0	5146257.5248857	766.39961284	6714.84880559
534	2018-03-30 20:00:00	6950.0	6738.23600001	6811.50867646	6837.72532501	3154365.2608171	461.84114099	6829.9789275
535	2018-03-31 00:00:00	7109.1533217	6837.72532501	6845.0	6960.5177556	2911502.959647	414.89593196	7017.42951754
536	2018-03-31 04:00:00	7056.3413251	6790.000004	6961.252038	6813.09700402	2056297.2495911	297.1773018	6919.42903154
537	2018-03-31 08:00:00	7150.0	6816.72070343	6817.59711759	7083.0	4304806.957327	613.23546516	7019.82713312
538	2018-03-31 12:00:00	7230.95559729	6984.40043477	7083.0	7056.41086385	3971826.4622506	560.12049193	7091.02152032
539	2018-03-31 16:00:00	7185.034115	6992.0	7060.35354815	7061.91107384	2761455.7359825	387.9649285	7117.79733972
540	2018-03-31 20:00:00	7061.17327361	6850.8900923	7052.34507008	6933.87920545	2951313.1469774	426.34335549	6922.38569916
541	2018-04-01 00:00:00	7043.14185553	6898.03721691	6920.00000001	6924.79744084	1506681.2796336	216.07383798	6972.99262936
542	2018-04-01 04:00:00	6964.81172872	6650.0	6924.76022393	6719.2715644	3212412.4246658	475.68707944	6753.20512898
543	2018-04-01 08:00:00	6764.66728014	6600.0	6718.98216044	6680.40762901	2665609.8482451	399.31660689	6675.42947688
544	2018-04-01 12:00:00	6738.07043872	6441.98052002	6689.63754369	6450.34932959	5320679.0553526	815.18172689	6526.98518605
545	2018-04-01 16:00:00	6979.69999999	6427.09999983	6450.34932959	6899.99181457	7267607.8513796	1070.22796011	6790.71013116
546	2018-04-01 20:00:00	6951.39766507	6760.0	6903.47768127	6823.02040095	2981931.9736748	434.91581687	6856.34290133
547	2018-04-02 00:00:00	7051.45359155	6766.01585088	6809.83130039	6987.68703633	2496897.9993172	359.39348923	6947.53264636
548	2018-04-02 04:00:00	7107.77	6840.0	6984.70000001	7066.04238656	2834619.5092369	406.16547668	6978.97697363
549	2018-04-02 08:00:00	7131.61946349	7014.55363205	7056.62286098	7055.38685014	2291559.8756831	324.48153592	7062.21963966
550	2018-04-02 12:00:00	7078.73795048	6874.0656388	7054.98289507	7018.70557183	2820241.3070274	404.37069124	6974.39593947
551	2018-04-02 16:00:00	7052.00405826	6946.0918298	7029.91220726	6985.12830039	2289131.3190061	327.22198147	6995.65264143
552	2018-04-02 20:00:00	7062.61999999	6885.6284527	6981.63958229	7058.89414772	2076015.7310925	297.77371924	6971.78964077
553	2018-04-03 00:00:00	7189.99999998	7005.42709637	7047.40542744	7175.0	2014586.4527525	283.78145792	7099.07711207
554	2018-04-03 04:00:00	7428.42767765	7175.0	7180.0	7398.98226306	4725674.3181294	645.11236684	7325.35068468
555	2018-04-03 08:00:00	7420.0	7275.0	7398.98226306	7303.99999001	3822128.0463175	519.16344346	7362.09009795
556	2018-04-03 12:00:00	7425.76039216	7264.01641962	7314.22454259	7385.0	3780314.5658154	514.672165	7345.09231874
557	2018-04-03 16:00:00	7505.45	7359.22124335	7383.41026325	7460.0	3107479.9910622	417.4082906	7444.70117398
558	2018-04-03 20:00:00	7495.47162322	7364.03420889	7460.64821826	7412.27033867	2361339.031107	318.87750045	7405.16037592
559	2018-04-04 00:00:00	7414.66693777	7251.0	7406.14599941	7285.06841801	2801926.6430626	383.41528612	7307.81151533
560	2018-04-04 04:00:00	7379.899	7265.06841801	7268.78532843	7315.76639823	1113791.894189	152.07553526	7323.93867484
561	2018-04-04 08:00:00	7330.33053129	7001.52	7308.754709	7054.05175378	7767057.6848145	1088.94801261	7132.62487728
562	2018-04-04 12:00:00	7120.71075834	6777.553868	7058.45597329	6786.78	4293009.5154771	618.82642289	6937.34035374
563	2018-04-04 16:00:00	6910.0	6732.0	6788.0772517	6859.00572438	3487884.5650093	511.10736055	6824.17205116
564	2018-04-04 20:00:00	6912.35996111	6684.31650299	6859.00572438	6769.9450882	2885333.172509	424.11945089	6803.11446799
565	2018-04-05 00:00:00	6830.0	6542.31393183	6777.91287792	6764.08486896	3008156.4945862	452.80674016	6643.35626612
566	2018-04-05 04:00:00	6859.99999999	6705.7634652	6774.99955804	6786.94	2205554.2983933	324.49209957	6796.94298047
567	2018-04-05 08:00:00	6910.00000001	6753.00000001	6786.93999999	6784.98299111	3362485.4426701	492.206836	6831.44807576
568	2018-04-05 12:00:00	6900.0340167	6578.56255124	6784.77888625	6746.61238658	5253260.8759317	777.49019829	6756.69080778
569	2018-04-05 16:00:00	6811.665	6644.87293534	6746.62939514	6760.10224282	1832237.0795426	272.45283693	6724.96972389
570	2018-04-05 20:00:00	6836.0	6669.99999999	6760.10224282	6774.99999999	2830666.2183484	419.28609738	6751.15687363
571	2018-04-06 00:00:00	6836.0	6723.01710442	6775.0	6754.49746608	916896.59704051	135.15313581	6784.13113795
572	2018-04-06 04:00:00	6847.59216377	6510.0	6754.72435653	6625.00000002	3935497.4880024	594.98312169	6614.46912447
573	2018-04-06 08:00:00	6661.1053764	6499.98299166	6623.0	6598.42027551	2963871.0281237	450.67959098	6576.44829595
574	2018-04-06 12:00:00	6647.31078554	6534.1213988	6598.47348633	6579.11836675	3451561.5935237	523.52320043	6592.94868057
575	2018-04-06 16:00:00	6630.0	6572.00000004	6579.38985292	6610.0	886577.99887286	134.39589846	6596.76380776
576	2018-04-06 20:00:00	6624.66208038	6512.78160448	6611.72921912	6613.54563751	910901.52426538	138.16966058	6592.63054162
577	2018-04-07 00:00:00	6880.78179418	6599.24631203	6614.99291873	6850.0	3087836.8101058	453.89831374	6802.92637499
578	2018-04-07 04:00:00	6887.0	6822.41322512	6854.43051565	6854.37096526	2371677.3130474	345.29489974	6868.5558774
579	2018-04-07 08:00:00	6923.47096423	6837.34111627	6854.37096526	6865.65015524	2406147.8308602	350.02705986	6874.17661886
580	2018-04-07 12:00:00	7023.82307126	6775.0	6865.78678732	7011.0	2235645.9162334	323.98563289	6900.44770285
581	2018-04-07 16:00:00	7062.79473838	6958.78865711	7011.00000004	6976.89226459	2197551.4472779	313.35930912	7012.88068782
582	2018-04-07 20:00:00	7044.71618728	6852.43672808	6992.2684287	6890.0	1850554.5475488	266.8502057	6934.80652448
583	2018-04-08 00:00:00	6975.03398766	6890.0	6890.00000001	6969.3558803	1106336.3935098	159.23420363	6947.85647988
584	2018-04-08 04:00:00	7002.59725206	6896.85275727	6970.48422927	6936.18184036	844179.98443905	121.61392089	6941.47494185
585	2018-04-08 08:00:00	7093.65881609	6936.18184036	6936.54	7093.65881609	1622841.8134054	231.8149093	7000.59292262
586	2018-04-08 12:00:00	7115.54428517	7020.78744463	7093.65881609	7036.93997957	2209937.5830006	312.70782479	7067.10036592
587	2018-04-08 16:00:00	7048.02287509	6936.20000005	7048.02287509	6989.77161409	1622561.7432224	232.09793896	6990.84942543
588	2018-04-08 20:00:00	7050.68289465	6951.70328994	6989.77161409	7030.0	934394.62875209	133.35204369	7006.97644292
589	2018-04-09 00:00:00	7161.0	7025.00000046	7025.00000046	7128.32453024	2221988.856149	312.67078766	7106.48050231
590	2018-04-09 04:00:00	7158.32459467	7089.03708265	7128.36161325	7130.1098115	831558.8837638	116.76351622	7121.73554449
591	2018-04-09 08:00:00	7184.0	6704.8702071	7139.09998799	6757.54923543	6411108.6789199	922.03241373	6953.23568179
592	2018-04-09 12:00:00	6782.59443938	6675.63039604	6757.47916022	6723.93	2427967.8820926	360.50390353	6734.92813342
593	2018-04-09 16:00:00	6755.0	6630.43708311	6725.0	6687.57605089	2365702.9814961	352.3135008	6714.76675212
594	2018-04-09 20:00:00	6788.0	6618.07799362	6673.51649646	6761.53778457	1359367.7888481	203.04309936	6694.9716249
595	2018-04-10 00:00:00	6788.0	6708.01948008	6759.51995272	6787.00000002	395604.28739702	58.58008552	6753.22140425
596	2018-04-10 04:00:00	6808.85931069	6691.0	6788.0	6724.70603811	1085905.9947579	161.02082841	6743.88528167
597	2018-04-10 08:00:00	6773.38759796	6658.71497418	6717.89815457	6734.78106938	717040.01048314	106.73664761	6717.84271418
598	2018-04-10 12:00:00	6854.88130704	6724.17378724	6742.07783806	6829.1	2230074.9003632	328.49913562	6788.67813808
599	2018-04-10 16:00:00	6870.0	6802.46528797	6831.97054816	6856.46113091	1512223.5210862	221.17260321	6837.30036694
600	2018-04-10 20:00:00	6881.87332722	6782.16657265	6846.11700835	6834.0	1464568.5673885	214.35983942	6832.28990724
601	2018-04-11 00:00:00	6866.01947998	6817.04294066	6835.6	6821.26095861	473039.66943243	69.19704626	6836.12516717
602	2018-04-11 04:00:00	6898.25884115	6799.0	6825.0	6839.2401835	1162146.9317942	169.90814971	6839.85396685
603	2018-04-11 08:00:00	6890.13973769	6809.97266681	6839.9655	6862.67210245	1145736.9143554	167.36542975	6845.72026652
604	2018-04-11 12:00:00	6975.71334005	6842.43611634	6862.65560562	6940.0	2396514.3146003	345.69904129	6932.37188526
605	2018-04-11 16:00:00	6945.03291048	6871.75326459	6940.0	6911.88304996	1094363.0273102	158.37690283	6909.86506084
606	2018-04-11 20:00:00	6979.11765561	6876.45023507	6911.88304995	6966.46006249	1425627.2711523	205.73265083	6929.51393665
607	2018-04-12 00:00:00	6971.2033525	6900.0	6963.9	6947.00000002	1416994.1029786	203.97944396	6946.74951293
608	2018-04-12 04:00:00	6970.0	6750.0	6949.7274083	6833.80756803	2728744.6666509	398.23521695	6852.09280974
609	2018-04-12 08:00:00	8028.0	6794.79397173	6837.0	7690.00000007	13494872.367632	1796.02150041	7513.75880775
610	2018-04-12 12:00:00	7744.22319654	7596.05194567	7690.00000007	7634.80615602	9363114.7164774	1220.98028206	7668.52246023
611	2018-04-12 16:00:00	7780.3697262	7565.00100011	7634.80615602	7693.7	3002782.7037832	391.47653731	7670.40273835
612	2018-04-12 20:00:00	7985.31695097	7685.64488857	7694.59999915	7929.99999855	4353033.7053992	556.46844446	7822.60656239
613	2018-04-13 00:00:00	7990.0	7735.89167312	7921.84468403	7828.5142009	4268782.0842528	542.03712219	7875.44230735
614	2018-04-13 04:00:00	8179.98226307	7769.0	7828.79112119	8095.78059798	4162249.1758767	524.72800742	7932.20319292
615	2018-04-13 08:00:00	8159.05629826	8006.47081666	8100.0	8094.0	5369307.9850745	663.0918322	8097.38217896
616	2018-04-13 12:00:00	8230.0	8029.90598731	8094.0	8132.13999933	8837660.9349648	1085.20403176	8143.77819867
617	2018-04-13 16:00:00	8168.08931873	8050.0	8132.13999944	8101.26163758	2201709.3282089	271.55150332	8107.88856364
618	2018-04-13 20:00:00	8101.27874195	7801.0	8101.20905822	7875.0	5809883.1963857	735.81064694	7895.89444043
619	2018-04-14 00:00:00	8075.01575363	7822.30000001	7874.91258045	8056.63676918	1937193.830251	242.22180156	7997.60309672
620	2018-04-14 04:00:00	8173.0008011	7950.0	8047.73676695	8130.873334	3192111.5089221	397.58905173	8028.67054571
621	2018-04-14 08:00:00	8169.0	7910.0	8130.87333466	7955.0	2682331.5060718	333.91901464	8032.88039455
622	2018-04-14 12:00:00	7990.35504299	7863.18128995	7974.48835603	7960.15270161	2190709.4066014	276.17768567	7932.2462323
623	2018-04-14 16:00:00	8063.93600307	7921.05614003	7960.20357538	8013.06772582	1811778.4568619	226.8965066	7985.04341918
624	2018-04-14 20:00:00	8078.95	7955.88000339	8028.86305274	7995.99999982	1144677.5759847	142.31063127	8043.51414767
625	2018-04-15 00:00:00	8262.96992491	7997.5573637	7997.5573637	8083.0	5134195.2134577	631.11505878	8135.11758597
626	2018-04-15 04:00:00	8157.02320469	8050.0	8086.93	8071.70840094	1487433.9549768	183.37784937	8111.30657321
627	2018-04-15 08:00:00	8404.01784022	8071.72489726	8080.32547177	8321.38330775	3865751.3981337	465.88647957	8297.62521054
628	2018-04-15 12:00:00	8370.0	8241.20852276	8337.96700695	8280.0	3932728.5186013	472.22134173	8328.14650899
629	2018-04-15 16:00:00	8333.59830778	8261.0	8286.84999768	8311.03093234	1723720.9016597	207.79486415	8295.30079441
630	2018-04-15 20:00:00	8365.0	8280.0	8311.03093234	8356.0	1052315.7658277	126.48184246	8319.89592625
631	2018-04-16 00:00:00	8404.0	8100.0	8364.99999999	8135.00000106	4136251.2049457	502.46119059	8231.98145928
632	2018-04-16 04:00:00	8160.84999735	8010.9829916	8135.00000404	8105.01700835	3916444.4926252	484.87849316	8077.16685287
633	2018-04-16 08:00:00	8135.99999999	8025.13700835	8117.45572422	8083.0134788	1839028.3520256	227.37407456	8088.11803009
634	2018-04-16 12:00:00	8083.06450385	7870.0	8083.0134788	7984.60610856	4249166.8322518	534.24663739	7953.56776228
635	2018-04-16 16:00:00	8070.24732731	7931.74442182	7979.72516707	7973.49698353	2313480.1663024	289.67475023	7986.47505336
636	2018-04-16 20:00:00	8074.0	7940.66	7973.49698353	8060.0	994863.89983309	124.19978088	8010.19045914
637	2018-04-17 00:00:00	8072.17368378	7960.404215	8060.0	8031.05505331	717563.65011088	89.34899572	8031.02087861
638	2018-04-17 04:00:00	8155.0	7950.0	8024.95307688	8129.19099165	2211986.7990302	273.61002927	8084.45072328
639	2018-04-17 08:00:00	8168.57040884	8071.0	8129.19099165	8110.08440221	2227354.7486197	273.98768059	8129.39743795
640	2018-04-17 12:00:00	8145.0	8056.0	8110.18719455	8082.85640618	1078679.768136	133.07778391	8105.63368612
641	2018-04-17 16:00:00	8122.5232293	7830.98999999	8082.92444628	7890.0	3777130.4643402	474.93070802	7953.0137777
642	2018-04-17 20:00:00	7939.85015177	7831.901	7890.03401669	7891.1	2519703.2238721	319.2453022	7892.68692916
643	2018-04-18 00:00:00	7962.19999999	7876.58310513	7893.2	7941.01768957	1245976.4277309	157.073084	7932.46300385
644	2018-04-18 04:00:00	8177.4625048	7873.93788908	7936.07834656	8105.94181076	3884009.1019522	481.42717408	8067.69810901
645	2018-04-18 08:00:00	8126.96576669	8072.0	8105.94181076	8103.06916437	1500874.4146774	185.36679028	8096.7815886
646	2018-04-18 12:00:00	8130.0	7980.00000001	8103.98350369	8004.49752044	2887907.7728403	358.16711624	8063.0176303
647	2018-04-18 16:00:00	8143.62727771	7985.0	8004.91566985	8128.99999859	2092698.5030764	258.09649491	8108.20194906
648	2018-04-18 20:00:00	8234.0	8106.31313988	8120.0	8164.19061751	2625646.236112	320.72939725	8186.48449011
649	2018-04-19 00:00:00	8289.0	8110.0	8167.0	8194.9347348	2470537.6621031	302.11815009	8177.38908227
650	2018-04-19 04:00:00	8220.5	8103.87643262	8182.84486571	8170.0	1908209.3891707	233.36991089	8176.75844282
651	2018-04-19 08:00:00	8250.0	8123.38353169	8169.0	8193.54485721	1956926.6740655	238.658633	8199.6894454
652	2018-04-19 12:00:00	8250.8656462	8180.25847131	8193.56178895	8221.39006405	1777414.9707294	216.11316935	8224.46395134
653	2018-04-19 16:00:00	8289.95690667	8221.39006405	8233.5	8245.0	2262154.4701964	273.85554791	8260.39307021
654	2018-04-19 20:00:00	8296.99999997	8179.17049319	8243.63	8286.99999791	1335145.9817547	161.83046922	8250.2756631
655	2018-04-20 00:00:00	8392.0	8270.13545063	8286.99999834	8331.26428559	3949368.4163962	473.01634412	8349.32759827
656	2018-04-20 04:00:00	8349.98270904	8216.00000001	8331.26428559	8332.88153377	2084831.9558308	251.50389473	8289.46191099
657	2018-04-20 08:00:00	8550.0	8288.0	8320.13557381	8518.75829872	4180741.0006376	494.65028823	8451.91259383
658	2018-04-20 12:00:00	8569.0	8413.0	8510.0	8461.0	3282493.1496958	385.90335104	8505.99804549
659	2018-04-20 16:00:00	8536.96279984	8445.81996613	8461.0	8525.7351	1942208.3993869	228.68061294	8493.10474734
660	2018-04-20 20:00:00	8920.90530616	8490.0	8525.7351	8860.0	6611086.1236125	759.88901419	8700.06803646
661	2018-04-21 00:00:00	8912.23567639	8765.97402271	8851.10000069	8870.23567639	4220386.0681155	477.54933716	8837.59172029
662	2018-04-21 04:00:00	9019.90000059	8826.70000004	8870.23567638	8888.0	3090606.5040612	346.86834935	8910.02742064
663	2018-04-21 08:00:00	8890.00000003	8583.08841264	8888.8888	8699.50475497	10672616.399353	1222.70323766	8728.70543777
664	2018-04-21 12:00:00	8841.98350368	8683.94958544	8700.8738704	8830.0	2376063.7249971	271.33496949	8756.93881058
665	2018-04-21 16:00:00	8866.8225177	8718.0207039	8832.16511004	8778.23	1497383.9264235	170.19533871	8798.03135487
666	2018-04-21 20:00:00	8935.34877783	8720.0	8774.23250122	8931.99999846	1483248.2292375	168.4239151	8806.63668432
667	2018-04-22 00:00:00	8931.99999991	8796.01584054	8905.20399847	8824.2950109	1000986.9841247	113.09648181	8850.73494864
668	2018-04-22 04:00:00	8899.58964037	8791.87321402	8820.0	8863.47184274	1003391.9153651	113.42936657	8845.96243201
669	2018-04-22 08:00:00	9011.76053216	8860.0	8860.00000414	8923.3450001	3250161.8780916	363.01789751	8953.17255811
670	2018-04-22 12:00:00	8989.42952518	8799.84957196	8932.97929619	8949.72766957	2454823.9749292	275.99474389	8894.45914922
671	2018-04-22 16:00:00	9027.83932177	8841.001001	8935.42883464	8876.43485133	1893561.4825762	212.2144921	8922.86602973
672	2018-04-22 20:00:00	8918.0	8732.0000003	8880.0	8791.99999909	2220430.8953575	251.42305671	8831.45294792
673	2018-04-23 00:00:00	8914.89999999	8756.93816833	8782.81550804	8880.37937466	1771802.9358941	199.71077853	8871.84431874
674	2018-04-23 04:00:00	8979.26162193	8821.56088973	8858.47126055	8944.77782501	2086893.6512606	234.66416175	8893.10764667
675	2018-04-23 08:00:00	8969.87974562	8844.33040747	8942.0	8935.08813675	1938556.5959456	217.78783065	8901.12450342
676	2018-04-23 12:00:00	8990.0	8860.03119168	8933.0	8889.15552248	1448890.2819779	162.2775155	8928.47217628
677	2018-04-23 16:00:00	8942.83095165	8804.11280701	8903.78903973	8859.93334723	1309212.3896376	147.34883616	8885.12202577
678	2018-04-23 20:00:00	8955.0	8830.13330451	8859.91684358	8934.97778259	891788.03072225	99.98767519	8918.9795545
679	2018-04-24 00:00:00	9227.83932177	8915.23330792	8942.93334776	9173.40000006	4659319.3099478	509.08230546	9152.3890341
680	2018-04-24 04:00:00	9295.0	9172.10000044	9172.10000044	9221.92	3323102.5193654	359.65273717	9239.75317277
681	2018-04-24 08:00:00	9350.99999984	9221.92	9222.87999693	9285.0000001	3215331.1899883	346.04051164	9291.77677708
682	2018-04-24 12:00:00	9410.41189715	9191.6623675	9285.0000001	9330.57884105	4672069.7727206	502.35659765	9300.30538978
683	2018-04-24 16:00:00	9467.07948446	9299.77490528	9343.0790686	9466.99023797	2815210.0146164	299.68208625	9393.98830889
684	2018-04-24 20:00:00	9729.87993246	9411.85829652	9466.99023797	9633.63095161	6339620.5076149	663.90373944	9549.00557264
685	2018-04-25 00:00:00	9754.97802829	9322.8082288	9635.99999999	9325.0	6830845.2122402	711.93671382	9594.73655402
686	2018-04-25 04:00:00	9520.0	9180.0000001	9360.0000001	9400.46177861	7329558.9713278	784.11033467	9347.61174192
687	2018-04-25 08:00:00	9448.9	9020.0	9409.315	9164.69999986	6718281.9205004	732.74433422	9168.65761596
688	2018-04-25 12:00:00	9229.16856146	8779.90578456	9160.0	8978.8	9212465.8148186	1028.3372692	8958.603457
689	2018-04-25 16:00:00	9089.0	8846.81106711	8978.29999998	8957.02197171	3178827.1794094	354.32218142	8971.57261413
690	2018-04-25 20:00:00	9183.6328245	8770.10010001	8977.93335238	8860.0240739	5191450.9448662	574.27514727	9040.00629235
691	2018-04-26 00:00:00	8905.92716567	8652.58532314	8876.89999935	8817.84426239	3158922.4365531	359.29326973	8792.04455715
692	2018-04-26 04:00:00	8970.0	8775.00000001	8810.0	8866.83863136	3415565.7377802	385.60141285	8857.76250801
693	2018-04-26 08:00:00	8935.29999999	8666.00000001	8866.83863136	8850.11067851	5433959.3309986	618.25395	8789.20277177
694	2018-04-26 12:00:00	8950.0	8734.74000001	8855.0	8800.13692187	2902449.8658507	328.11632342	8845.7954045
695	2018-04-26 16:00:00	8925.19999983	8766.65131278	8800.13692187	8870.62	1780027.1207486	200.97054899	8857.15409394
696	2018-04-26 20:00:00	9299.0	8870.62	8870.62	9286.0	4446468.6627168	486.00032136	9149.10642502
697	2018-04-27 00:00:00	9298.90488931	9137.49948888	9286.0	9140.00000002	3673614.3837271	397.75364253	9235.90381312
698	2018-04-27 04:00:00	9253.0	9114.19947372	9159.79388016	9227.138	2240537.9916685	243.29347973	9209.19867706
699	2018-04-27 08:00:00	9386.0	9217.0	9229.16033806	9300.0	2981946.9360048	320.01107824	9318.26158145
700	2018-04-27 12:00:00	9348.54080331	9149.3	9293.37058325	9239.84651126	2670758.1210678	288.85770451	9245.93001802
701	2018-04-27 16:00:00	9318.58608999	9080.00000001	9239.84651126	9087.0001	2868884.0740718	310.99579087	9224.83248421
702	2018-04-27 20:00:00	9200.83492776	8920.00000004	9080.72221741	8920.01000009	3881391.1998267	429.63807146	9034.09510855
703	2018-04-28 00:00:00	9150.0	8881.05894107	8920.00000001	9135.13432705	2390135.9021096	264.96309044	9020.63716927
704	2018-04-28 04:00:00	9204.91	9060.39696624	9149.94	9144.80832495	949057.2532705	103.72593606	9149.6619777
705	2018-04-28 08:00:00	9325.0	9077.85561632	9144.78405312	9212.0	3158481.3054935	341.21541987	9256.56087493
706	2018-04-28 12:00:00	9428.99999999	9201.0	9212.0	9349.78944294	3961443.3188653	423.6620134	9350.48032055
707	2018-04-28 16:00:00	9411.29768432	9270.0	9350.0	9390.00011004	1118281.9613121	119.52205216	9356.28146524
708	2018-04-28 20:00:00	9430.77714092	9261.0	9382.97572886	9330.76125733	1300351.1160526	139.13436375	9346.00972042
709	2018-04-29 00:00:00	9580.0	9341.0	9358.16229919	9484.97757702	4075461.3828236	430.07918242	9476.07219649
710	2018-04-29 04:00:00	9518.50949021	9378.45555555	9485.02233812	9433.99	922476.34589686	97.54334474	9457.09159713
711	2018-04-29 08:00:00	9468.99999896	9168.08572389	9433.9900046	9241.62233809	3273251.6636715	352.92577909	9274.61766072
712	2018-04-29 12:00:00	9360.0	9210.45921449	9241.8	9343.75113639	2704546.2022176	291.439132	9279.96931523
713	2018-04-29 16:00:00	9352.21590889	9236.82767505	9343.70646009	9318.30493	1003691.5389272	107.75659738	9314.43237194
714	2018-04-29 20:00:00	9434.85660925	9287.0	9318.30493	9423.79999636	1363104.5144815	145.65550265	9358.41413253
715	2018-04-30 00:00:00	9454.0	9254.0	9423.79999636	9290.93399845	1435603.0537862	153.19686005	9370.96917859
716	2018-04-30 04:00:00	9367.96831528	9180.0	9261.00000251	9216.01014942	1448066.8567935	156.37755719	9260.06827843
717	2018-04-30 08:00:00	9289.04394357	9101.0	9215.91014942	9265.0	1969555.2260614	214.2201767	9194.06965488
718	2018-04-30 12:00:00	9327.16333942	9245.000001	9265.04467644	9307.0	1164209.7543541	125.36329964	9286.6872338
719	2018-04-30 16:00:00	9364.69424225	9259.00000001	9310.0	9309.54934296	1079591.3865727	115.81844131	9321.41180939
720	2018-04-30 20:00:00	9344.38342685	9158.54320134	9320.66914954	9218.79293079	1696000.2663683	183.47434906	9243.800428
