	date	high	low	open	close	volume	quoteVolume	weightedAverage
0	2019-04-30 22:00:00	5321.39761414	5321.39761414	5321.39761414	5321.39761414	0.0	0.0	5321.39761414
1	2019-05-01 00:00:00	5406.40595454	5319.2	5321.58839732	5395.6	2414664.0156862	450.70566017	5357.51872913
2	2019-05-02 00:00:00	5535.0	5368.5263456	5387.3	5500.4723121	2190167.6295252	400.98223287	5462.0066676
3	2019-05-03 00:00:00	5850.70851039	5483.15403604	5496.2921577	5771.5	4801612.707759	837.51985315	5733.13299941
4	2019-05-04 00:00:00	5900.0	5596.84587203	5771.59818547	5842.8	4239948.531764	735.31144161	5766.19414826
5	2019-05-05 00:00:00	5836.1	5699.27264148	5836.01902891	5776.39331064	1674509.2264481	289.59496713	5782.24560683
6	2019-05-06 00:00:00	5798.40173965	5620.99999999	5784.0	5744.28401558	2339688.83776	409.28482183	5716.52969513
7	2019-05-07 00:00:00	6015.68442672	5752.34437575	5754.61385487	5846.0	3112054.6348895	526.88678712	5906.49587532
8	2019-05-08 00:00:00	6010.02668376	5795.0	5848.3384	5982.9000003	2375294.2441567	401.670623	5913.53738148
9	2019-05-09 00:00:00	6195.50000088	5982.9000003	5982.9000003	6174.69999999	3364672.6358213	552.72279421	6087.45047439
10	2019-05-10 00:00:00	6448.0	6137.70627834	6174.69999999	6382.09999949	4688834.9686361	743.10124713	6309.81980819
11	2019-05-11 00:00:00	7377.0	6380.70000014	6380.70000015	7215.08049998	9739063.7844984	1419.40892157	6861.35167709
12	2019-05-12 00:00:00	7518.29323308	6756.90779629	7214.98039997	6980.59158242	11570862.674875	1625.02704385	7120.41237631
13	2019-05-13 00:00:00	8100.0	6862.86784574	6977.594289	7811.96432384	14749205.595625	1929.92096861	7642.38838559
14	2019-05-14 00:00:00	8342.61065618	7682.90511992	7805.71831231	8000.0	11675934.759924	1461.47377615	7989.15105454
15	2019-05-15 00:00:00	8242.45843065	7830.0	8010.0	8169.88672531	8173321.9488866	1014.47225217	8056.72302165
16	2019-05-16 00:00:00	8320.0	7708.0	8170.26680001	7873.93604739	11572968.381648	1444.52006604	8011.63559698
17	2019-05-17 00:00:00	7929.10385391	6917.9094749	7871.72774774	7352.42393267	14244747.875295	1961.85911087	7260.84141127
18	2019-05-18 00:00:00	7457.62888199	7198.86813194	7356.0564	7267.63201716	3924421.008892	535.55531591	7327.7603495
19	2019-05-19 00:00:00	8264.0	7250.0	7262.28626822	8163.01036736	9438765.7606702	1197.96020937	7879.03111208
20	2019-05-20 00:00:00	8146.09814502	7564.99999999	8146.09814502	7924.86865096	6623493.1203659	845.92508744	7829.88141468
21	2019-05-21 00:00:00	8028.07500712	7779.0	7939.45539033	7903.1610962	3024110.4483139	382.14425522	7913.53109985
22	2019-05-22 00:00:00	8000.0	7511.88319056	7903.1610962	7628.80358764	4604502.6754127	589.0487237	7816.84517791
23	2019-05-23 00:00:00	7930.45	7469.00000001	7628.80358762	7847.22406338	3768365.7837307	491.42060741	7668.31045932
24	2019-05-24 00:00:00	8117.44621983	7773.84	7850.29539091	7975.28895219	4152746.5902487	519.97763573	7986.39461564
25	2019-05-25 00:00:00	8087.4703042	7915.48791435	7957.42571844	8036.47249247	1588827.2852384	198.555158	8001.94415114
26	2019-05-26 00:00:00	8729.52563474	7852.55417392	8036.40000083	8622.61232617	8179425.3257809	976.58291617	8375.55643289
27	2019-05-27 00:00:00	8900.08580809	8588.38000082	8616.50275214	8750.08139821	10254300.030033	1174.40260643	8731.50312668
28	2019-05-28 00:00:00	8795.08766306	8550.0	8749.78539435	8722.1895544	4464442.2188062	513.50873162	8693.99475393
29	2019-05-29 00:00:00	8748.62120843	8426.78085745	8718.05751243	8653.0	4539684.6807687	527.03727149	8613.59324348
30	2019-05-30 00:00:00	9050.46826904	8053.00000001	8655.09999999	8275.24969776	13286290.363763	1553.49650237	8552.50742019
31	2019-05-31 00:00:00	8580.0	8117.09170448	8273.86	8549.98762712	5628115.9449118	673.6646584	8354.4770751
32	2019-06-01 00:00:00	8610.23539745	8430.70000089	8547.17394021	8542.76100762	2368004.7382214	277.60822221	8530.02378449
33	2019-06-02 00:00:00	8803.60730671	8531.56036447	8541.35645645	8724.49080533	3148215.1858678	362.54165281	8683.73374884
34	2019-06-03 00:00:00	8732.89563132	8075.0	8720.2659723	8118.44080432	7294146.7154826	864.19505292	8440.39397221
35	2019-06-04 00:00:00	8115.93591117	7506.13533914	8115.93591117	7691.48915971	10669540.671318	1369.62301367	7790.12952091
36	2019-06-05 00:00:00	7893.22653188	7580.47725419	7691.48915972	7773.49521967	3886320.7000138	500.73365771	7761.25319353
37	2019-06-06 00:00:00	7853.48915972	7510.0	7774.26701925	7784.81161432	3315002.6594419	430.27858494	7704.31709936
38	2019-06-07 00:00:00	8093.24596995	7747.92706031	7789.57486601	7994.0	4230051.4007757	533.62830736	7926.96216155
39	2019-06-08 00:00:00	8043.51695302	7769.09511391	7985.5010644	7895.0	4138175.1681183	525.76274578	7870.80332589
40	2019-06-09 00:00:00	7930.80001139	7511.73703814	7907.939905	7640.60080127	4570819.5988961	593.85892409	7696.810494
41	2019-06-10 00:00:00	8010.0	7515.0	7628.0983474	7988.73922554	4705378.6465298	602.29784293	7812.37838017
42	2019-06-11 00:00:00	8010.0	7698.54700887	7983.54293557	7887.5653311	3387214.5685669	431.5965085	7848.1046576
43	2019-06-12 00:00:00	8198.67750445	7799.99099999	7893.17362552	8130.0	5231944.4003978	651.51590674	8030.41698026
44	2019-06-13 00:00:00	8303.59999999	8001.2	8123.24785274	8210.0	2850695.8599292	349.45690196	8157.50338293
45	2019-06-14 00:00:00	8700.0	8153.8792154	8210.0	8673.19999996	5492587.9792212	655.4512852	8379.85690659
46	2019-06-15 00:00:00	8865.62023983	8566.56958123	8673.09996994	8809.26970927	3668886.1036641	421.65827268	8701.08887072
47	2019-06-16 00:00:00	9325.0	8759.37683497	8809.49125799	8968.92286817	11929575.934481	1317.2708549	9056.28169795
48	2019-06-17 00:00:00	9429.96026884	8949.00000001	8963.50269782	9310.4213446	7175451.08239	777.68237518	9226.71171598
49	2019-06-18 00:00:00	9327.01003269	8949.31554828	9307.20008688	9076.40925673	5644096.6653823	619.68745911	9107.97303125
50	2019-06-19 00:00:00	9292.69376912	9050.0	9086.28669228	9250.00000005	3101549.8039894	338.81653596	9154.06857342
51	2019-06-20 00:00:00	9580.00000001	9186.66	9251.49962426	9520.18418425	4986509.9024571	532.11987294	9371.02738694
52	2019-06-21 00:00:00	10195.0	9520.0	9520.0	10177.25008034	8289529.3615807	845.88836184	9799.79124378
53	2019-06-22 00:00:00	11163.39963985	10019.73104214	10168.0988083	10729.36157159	19885952.058168	1853.51810812	10728.76060452
54	2019-06-23 00:00:00	11394.99999999	10558.02077125	10721.9878372	10899.95750221	9946700.3196844	912.68376475	10898.29873593
55	2019-06-24 00:00:00	11133.56828818	10625.0	10889.1772131	11048.62871993	7633043.7279371	701.39360684	10882.68221081
56	2019-06-25 00:00:00	11839.99999999	11032.15145584	11056.10000087	11814.85058455	12101974.736901	1062.04156336	11395.01047267
57	2019-06-26 00:00:00	13963.81	11701.00000001	11821.64207207	13101.48646392	44630496.1434	3496.95343643	12762.67955942
58	2019-06-27 00:00:00	13455.73782958	10531.0	13099.25239001	11307.51810984	34471131.442688	2961.7952736	11638.5935753
59	2019-06-28 00:00:00	12483.38445048	11013.19399476	11316.20623565	12411.32087548	22051521.015181	1872.68373341	11775.35780429
60	2019-06-29 00:00:00	12439.10486219	11492.23408671	12400.2846418	11917.37690192	13985390.428153	1175.5241992	11897.15229824
61	2019-06-30 00:00:00	12200.0	10778.3242213	11909.07853493	10838.63780999	15368329.79766	1340.03178897	11468.63076246
62	2019-07-01 00:00:00	11262.5	10043.26675341	10838.63780999	10623.96787549	17025484.301704	1610.56558238	10571.12140478
63	2019-07-02 00:00:00	10939.3455994	9723.0	10617.23737321	10836.18072559	15302121.742065	1488.46871662	10280.44564941
64	2019-07-03 00:00:00	11975.92246945	10838.63376673	10838.63376673	11933.0	13870310.348895	1224.25475822	11329.59480513
65	2019-07-04 00:00:00	11996.9601917	11000.84143199	11933.0	11160.94506294	10910972.955139	935.48523216	11663.4368775
66	2019-07-05 00:00:00	11406.66059999	10803.64926503	11138.90311001	10966.50168114	9889854.8432405	891.79898656	11089.7803118
67	2019-07-06 00:00:00	11676.4	11000.3062534	11000.3062534	11265.41486788	7557765.3521935	664.30215496	11376.9996014
68	2019-07-07 00:00:00	11524.17466752	11111.0	11227.96905703	11415.1745791	5407908.533429	478.42348787	11303.60166367
69	2019-07-08 00:00:00	12344.7805097	11290.0	11421.45311305	12260.11338586	10622461.907882	893.35609972	11890.51254165
70	2019-07-09 00:00:00	12779.52933984	12070.60161973	12260.0	12560.61493975	15704023.661429	1262.58869785	12437.95678527
71	2019-07-10 00:00:00	13154.26681399	11574.62785449	12529.66580296	12116.93014948	25258696.993014	2019.7001182	12506.16206109
72	2019-07-11 00:00:00	12109.78900001	11018.16020462	12109.78900001	11337.18581225	13703578.897327	1195.98246013	11458.00992419
73	2019-07-12 00:00:00	11872.0	11094.2803934	11335.39702605	11755.15391067	6025246.2286294	521.26118222	11558.97740738
74	2019-07-13 00:00:00	11790.0	10830.57515945	11758.69316735	11384.47102144	9612243.0047477	853.08129249	11267.67529585
75	2019-07-14 00:00:00	11443.41236848	10104.0	11362.37521601	10187.72402807	10886452.438483	1019.01127201	10683.34839614
76	2019-07-15 00:00:00	11062.4	9870.0	10187.72402806	10836.90135676	11743946.072958	1126.93304065	10421.15693598
77	2019-07-16 00:00:00	11017.06664065	9357.38023436	10836.90135673	9403.62017037	16716867.940445	1674.89487811	9980.84605722
78	2019-07-17 00:00:00	9946.83309319	9065.4321612	9429.99999984	9666.90000001	11334569.743279	1190.57756964	9520.22785605
79	2019-07-18 00:00:00	10765.00000002	9269.55533329	9671.049386	10622.74536665	13497936.180569	1340.5772723	10068.74908255
80	2019-07-19 00:00:00	10756.8539444	10118.73398895	10646.2857625	10512.15623196	7602274.3942731	728.89765121	10429.82424439
81	2019-07-20 00:00:00	11060.00329226	10352.94118769	10506.07519681	10750.05167907	7022483.7472194	654.52137384	10729.18934032
82	2019-07-21 00:00:00	10809.722639	10302.5	10749.75159994	10582.13493539	5202001.0338944	493.58298865	10539.26321108
83	2019-07-22 00:00:00	10679.34559944	10089.97151118	10599.2798305	10344.1772921	5974371.3331722	577.4466693	10346.18719061
84	2019-07-23 00:00:00	10339.39403026	9836.76708831	10339.39403026	9868.87636545	5664967.8660532	565.26214971	10021.84184622
85	2019-07-24 00:00:00	9924.88247595	9524.62282879	9870.41062188	9761.78000001	7547269.0537368	778.32362776	9696.82633875
86	2019-07-25 00:00:00	10170.97669335	9730.37878635	9761.78	9881.18122021	4637946.4486816	463.3413499	10009.78317536
87	2019-07-26 00:00:00	9881.18122022	9645.75396707	9881.18122022	9824.55083507	3210972.7793856	329.79608281	9736.23686499
88	2019-07-27 00:00:00	10170.02519507	9324.95523	9820.7509536	9469.68002697	6767948.6581964	700.31428275	9664.15911384
89	2019-07-28 00:00:00	9688.01649171	9175.0	9466.11594269	9530.1431304	3981664.4717671	421.10969763	9455.17164334
90	2019-07-29 00:00:00	9730.0	9393.78815088	9546.71204727	9512.99197827	3527595.5227125	368.702402	9567.59571832
91	2019-07-30 00:00:00	9709.25362324	9400.0	9522.55599509	9578.99996978	3695642.6660705	385.7458219	9580.5124936
92	2019-07-31 00:00:00	10118.15033589	9568.75450207	9578.74527142	10074.98929989	5662580.0512671	571.37889065	9910.37671137
93	2019-08-01 00:00:00	10462.18460001	9851.98625729	10074.9892999	10373.0	4367866.1143664	431.09826386	10131.95013883
94	2019-08-02 00:00:00	10663.19007842	10310.99181242	10379.18290219	10524.00598433	5761347.9292726	550.22802272	10470.8369828
95	2019-08-03 00:00:00	10899.0	10496.06665489	10524.00598434	10814.35497247	4164359.8399455	387.24158107	10753.90671745
96	2019-08-04 00:00:00	11024.30821454	10555.0	10814.35497248	10936.96759597	5242464.3740744	484.82666258	10813.06945079
97	2019-08-05 00:00:00	11923.86475	10937.812	10937.812	11816.22202379	13507268.592152	1164.63082982	11597.89715874
98	2019-08-06 00:00:00	12300.05713911	11234.00000015	11820.62791282	11490.3412909	11273227.655926	955.81677981	11794.33955759
99	2019-08-07 00:00:00	12135.00000001	11405.95835199	11479.51093826	11954.01386547	11032970.920094	933.10650621	11823.9138262
100	2019-08-08 00:00:00	12079.60499462	11532.28094249	11997.09107499	11985.12904302	5626216.6948853	476.66443135	11803.30715877
101	2019-08-09 00:00:00	12040.000001	11689.48521651	11999.0	11872.04837057	5298852.2199492	447.69512065	11835.84983516
102	2019-08-10 00:00:00	11980.00000001	11265.61815159	11887.5954169	11318.0	6480122.5709464	563.89265434	11491.76624499
103	2019-08-11 00:00:00	11603.20956648	11124.5	11321.12168998	11539.26500184	4854319.1811426	427.27178959	11361.19748462
104	2019-08-12 00:00:00	11568.03446366	11250.0	11541.89093999	11387.0733912	2121443.1139206	185.95579182	11408.31965037
105	2019-08-13 00:00:00	11451.521168	10790.00000001	11391.387599	10885.79242875	4883847.6346965	440.15674809	11095.70091993
106	2019-08-14 00:00:00	10896.03140608	9953.0	10896.03140608	10052.17796145	8697872.739621	837.8243842	10381.49868116
107	2019-08-15 00:00:00	10445.99999999	9523.4400982	10054.59980013	10311.39375692	12472265.192412	1245.77271174	10011.66992572
108	2019-08-16 00:00:00	10520.0	9750.0	10305.65100999	10349.64220512	9924574.1721641	971.2798663	10218.03757754
109	2019-08-17 00:00:00	10459.70000002	10001.00000001	10346.04220416	10214.13066121	3217983.447824	313.68378249	10258.68606365
110	2019-08-18 00:00:00	10457.67618276	10082.94992633	10214.02298649	10314.99999992	3552949.9901993	343.17887961	10353.05550923
111	2019-08-19 00:00:00	10929.8	10260.95659381	10302.23008702	10915.76304202	6351631.7156825	595.19876619	10671.44637469
112	2019-08-20 00:00:00	10942.17	10519.8244101	10914.69999999	10747.1349111	5929208.9812164	552.17318056	10737.95176941
113	2019-08-21 00:00:00	10799.53171858	9886.05320926	10763.86594711	10134.36772855	12405489.730126	1222.071881	10151.19480531
114	2019-08-22 00:00:00	10229.23754879	9775.0	10134.52	10103.61402433	6008881.4634591	599.20030349	10028.16825769
115	2019-08-23 00:00:00	10441.70679653	10029.59444478	10101.00000001	10383.75091678	5113845.4135549	497.39919683	10281.16942316
116	2019-08-24 00:00:00	10400.0	9895.15483671	10389.9	10120.02	5894980.5183774	586.89573857	10044.34029925
117	2019-08-25 00:00:00	10280.20202161	9915.69389319	10137.71826091	10136.97951002	6999325.9066491	693.31668676	10095.42398201
118	2019-08-26 00:00:00	10600.0	10136.97951002	10136.97951002	10373.47386427	8929787.3949949	861.52862454	10365.05014533
119	2019-08-27 00:00:00	10390.88999994	10059.71709492	10374.17641559	10182.12413899	2520887.1993137	247.55885408	10182.98137096
120	2019-08-28 00:00:00	10290.0	9627.19994825	10182.12413899	9740.09698812	12001642.847712	1207.94450354	9935.5912565
121	2019-08-29 00:00:00	9740.0	9336.28458356	9740.0	9485.98999998	5610736.6280977	589.79312946	9513.05864351
122	2019-08-30 00:00:00	9682.99105978	9350.0	9498.1731896	9579.88337486	2270928.862894	238.16376594	9535.15684441
123	2019-08-31 00:00:00	9688.8800001	9400.0	9586.09999999	9591.20000001	1403419.7528338	146.8038648	9559.8283788
124	2019-09-01 00:00:00	9800.0	9542.08835999	9588.39466403	9724.72622572	1643154.5075322	170.35461293	9645.49464948
125	2019-09-02 00:00:00	10421.736	9729.01915875	9738.39999845	10346.19101013	10873381.208784	1072.89968391	10134.57396982
126	2019-09-03 00:00:00	10739.0	10150.55732752	10351.97424552	10568.00600024	10148866.409051	964.02326043	10527.61569728
127	2019-09-04 00:00:00	10785.93478377	10376.45321424	10568.0060016	10558.40000161	6586770.8112825	624.1083908	10553.88920959
128	2019-09-05 00:00:00	10631.12999998	10455.55	10568.00999971	10567.44674386	2230613.2487791	211.50796878	10546.2373907
129	2019-09-06 00:00:00	10900.0	10200.0	10562.6609414	10301.65941387	7618537.8621058	720.95667834	10567.26165523
130	2019-09-07 00:00:00	10545.02922053	10301.89063622	10314.80132287	10464.38604994	2049568.4944783	196.43305454	10433.92874624
131	2019-09-08 00:00:00	10574.55673853	10224.36623503	10458.70651567	10394.75521409	2602405.7844952	250.10691635	10405.17320542
132	2019-09-09 00:00:00	10523.91053171	10100.0	10380.44850145	10309.55288085	4550796.7900527	444.07879734	10247.72364119
133	2019-09-10 00:00:00	10378.06337277	9965.53034342	10298.0	10114.97397512	7427201.4146213	732.92463567	10133.64956388
134	2019-09-11 00:00:00	10277.32291145	9900.0	10092.70863565	10158.13444378	3839787.242641	381.11765374	10075.07053257
135	2019-09-12 00:00:00	10444.44	10050.0	10163.97700702	10394.18689557	3721314.7447341	362.56337667	10263.90138715
136	2019-09-13 00:00:00	10434.60633276	10154.0	10394.18689557	10344.79375393	2676638.163509	260.07414093	10291.82737636
137	2019-09-14 00:00:00	10400.0	10216.13594058	10353.1297888	10336.60000037	3786301.5378784	365.36917346	10362.9474321
138	2019-09-15 00:00:00	10355.90001595	10250.32746781	10336.60000037	10295.88087366	2724669.1488239	264.54964835	10299.273372
139	2019-09-16 00:00:00	10350.00000002	10082.30314434	10303.58090827	10258.19999998	5837573.3847309	572.35013312	10199.30466847
140	2019-09-17 00:00:00	10268.03967019	10140.0	10258.19999997	10187.80747155	2464193.652172	241.23819798	10214.77391559
141	2019-09-18 00:00:00	10257.88999983	10090.86864049	10191.60000004	10164.35519547	1922307.1898731	188.69873063	10187.17605282
142	2019-09-19 00:00:00	10265.82954118	9700.0	10153.15811	10243.92000013	12460120.904085	1248.03015245	9983.83002175
143	2019-09-20 00:00:00	10265.82954118	10069.08423204	10244.3316609	10163.24200001	2168102.2993384	213.20334432	10169.17584596
144	2019-09-21 00:00:00	10173.26576661	9902.000002	10166.7	9984.52967214	4963779.9078786	495.38398026	10020.06545563
145	2019-09-22 00:00:00	10087.0	9861.98417983	9989.7	10028.28475599	2709671.4582592	271.48729154	9980.84088168
146	2019-09-23 00:00:00	10045.0434798	9645.776	10030.64091866	9697.199	13893430.921236	1411.61695407	9842.21029733
147	2019-09-24 00:00:00	9783.39810866	7906.6	9704.0	8501.53413007	19828564.442999	2232.62541128	8881.27687825
148	2019-09-25 00:00:00	8720.0	8220.92969954	8503.31429997	8433.3339948	8990467.3928588	1064.10353802	8448.86523879
149	2019-09-26 00:00:00	8459.22999999	7766.6	8436.4312666	8037.41157048	16085936.824633	1988.88918874	8087.89997738
150	2019-09-27 00:00:00	8260.0	7866.6	8047.99999999	8166.6136	7366834.6500643	914.0403886	8059.63800062
151	2019-09-28 00:00:00	8309.49	7700.98129344	8166.61360001	8205.90000002	5188875.4470697	642.01364853	8082.18868703
152	2019-09-29 00:00:00	8217.85405642	7894.00000001	8192.46544036	8049.34563487	3074748.5717291	383.88744447	8009.50543192
153	2019-09-30 00:00:00	8315.42	7723.0	8047.21952532	8280.47096847	10058841.051315	1253.4860791	8024.69306921
154	2019-10-01 00:00:00	8490.05999999	8173.85142	8281.75679901	8299.89999999	4745871.5340734	568.93661654	8341.65247252
155	2019-10-02 00:00:00	8369.398171	8155.67956077	8300.0	8357.89978089	3689096.0074955	447.16680027	8249.93269909
156	2019-10-03 00:00:00	8392.03072904	8050.0	8362.88157415	8214.26248971	6022744.7005962	733.88146067	8206.6996148
157	2019-10-04 00:00:00	8223.60000001	8008.0	8223.60000001	8135.75597232	4075767.118261	501.03830377	8134.64177807
158	2019-10-05 00:00:00	8180.0	8015.0	8135.75597232	8123.70530665	2551025.2342059	315.26678416	8091.63972348
159	2019-10-06 00:00:00	8154.40999993	7800.0	8126.92	7862.0	10059842.571737	1270.24341982	7919.61793682
160	2019-10-07 00:00:00	8293.21419929	7771.1272	7862.0	8188.96999999	6927550.6877514	859.47257379	8060.23472884
161	2019-10-08 00:00:00	8299.0	8107.7216428	8188.97	8168.29932128	4985892.6763575	608.87083893	8188.75261807
162	2019-10-09 00:00:00	8677.59062	8118.03235814	8168.29932128	8557.6500005	8935197.6765195	1061.68049941	8416.08909788
163	2019-10-10 00:00:00	8642.0	8422.22442288	8559.87075082	8556.34174685	6851590.2951842	803.49719463	8527.21122236
164	2019-10-11 00:00:00	8770.0	8220.0	8558.54461617	8235.8500005	12780690.704134	1515.46910094	8433.48814977
165	2019-10-12 00:00:00	8398.918224	8245.16979005	8245.16979005	8301.78354408	3785358.5350499	454.8903608	8321.47449418
166	2019-10-13 00:00:00	8456.08461	8162.62400001	8291.30138248	8281.87357591	3431343.8954492	411.40067674	8340.6374599
167	2019-10-14 00:00:00	8384.05283992	8208.2828211	8278.48	8345.08962667	5262657.9453481	634.09516351	8299.4765584
168	2019-10-15 00:00:00	8384.8989	8100.0	8345.08962666	8163.15567182	4057983.0110205	492.67059171	8236.70639023
169	2019-10-16 00:00:00	8179.99999992	7921.5981865	8160.95567154	8000.03045398	5715039.5740962	710.83735179	8039.86954217
170	2019-10-17 00:00:00	8117.18819994	7934.82663091	7990.17114799	8072.70975588	4586866.4148172	570.14261841	8045.12110953
171	2019-10-18 00:00:00	8113.83999974	7818.0	8070.8303962	7949.72534466	6854721.273564	863.55855112	7937.76086713
172	2019-10-19 00:00:00	8089.66149787	7877.00000001	7948.16	7952.26047833	2831069.3116431	355.61308817	7961.09425052
173	2019-10-20 00:00:00	8293.43406172	7873.92836958	7953.54367503	8221.11725194	3006584.1475588	373.12038154	8057.94670114
174	2019-10-21 00:00:00	8338.26944733	8115.71276396	8225.95659995	8199.04394432	3640149.0388187	443.58090809	8206.27978443
175	2019-10-22 00:00:00	8293.62418282	7995.0	8181.0011008	8022.14757244	4050774.1162614	496.11728139	8164.9526598
176	2019-10-23 00:00:00	8046.86041112	7305.76084001	8022.0	7465.12909912	12576505.503654	1648.58580955	7628.66296118
177	2019-10-24 00:00:00	7497.93007915	7343.79989326	7464.20356194	7415.0	6262133.789057	841.97210547	7437.45992102
178	2019-10-25 00:00:00	8750.60000015	7382.21400002	7415.00000001	8656.9899841	12233132.153312	1499.02406772	8160.73098273
